Date,Open,High,Low,Close,Adj Close,Volume
2003-08-20,10.043750,10.043750,10.043750,10.043750,5.721481,0
2003-08-21,9.937500,10.000000,9.875000,9.937500,5.660955,105600
2003-08-22,9.900000,9.926250,9.831250,9.900000,5.639593,48800
2003-08-25,9.850000,9.875000,9.812500,9.850000,5.611109,500000
2003-08-26,9.806250,9.806250,9.687500,9.806250,5.586188,307200
2003-08-27,9.687500,9.700000,9.612500,9.687500,5.518539,90400
2003-08-28,9.625000,9.687500,9.612500,9.625000,5.482937,56000
2003-08-29,9.625000,9.656250,9.550000,9.625000,5.482937,112000
2003-09-02,9.531250,9.606250,9.500000,9.531250,5.429532,189600
2003-09-03,9.612500,9.687500,9.468750,9.612500,5.475816,0
2003-09-04,9.781250,9.781250,9.612500,9.781250,5.571946,146400
2003-09-05,10.012500,10.062500,9.862500,10.012500,5.703679,164000
2003-09-08,10.106250,10.175000,10.043750,10.106250,5.757084,56800
2003-09-09,10.062500,10.075000,9.968750,10.062500,5.732162,185600
2003-09-10,10.087500,10.100000,10.000000,10.087500,5.746402,104000
2003-09-11,10.212500,10.256250,10.112500,10.212500,5.817610,888000
2003-09-12,10.268750,10.268750,10.162500,10.212500,5.817610,0
2003-09-15,10.356250,10.406250,10.331250,10.356250,5.899498,118400
2003-09-16,10.425000,10.425000,10.325000,10.425000,5.938663,215200
2003-09-17,10.450000,10.493750,10.406250,10.450000,5.952904,131200
2003-09-18,10.462500,10.462500,10.406250,10.462500,5.960023,876000
2003-09-19,10.556250,10.556250,10.393750,10.556250,6.013429,183200
2003-09-22,10.400000,10.462500,10.331250,10.400000,5.924420,211200
2003-09-23,10.425000,10.425000,10.323750,10.425000,5.938663,160800
2003-09-24,10.425000,10.512500,10.412500,10.425000,5.938663,256800
2003-09-25,10.525000,10.525000,10.412500,10.525000,5.995627,321600
2003-09-26,10.325000,10.418750,10.275000,10.325000,5.881697,262400
2003-09-29,10.362500,10.375000,10.237500,10.362500,5.903058,162400
2003-09-30,10.400000,10.468750,10.325000,10.400000,5.924420,1324800
2003-10-01,10.393750,10.437500,10.285000,10.393750,5.920860,342400
2003-10-02,10.275000,10.311250,10.156250,10.275000,5.853213,481600
2003-10-03,10.343750,10.381250,10.300000,10.343750,5.892378,166400
2003-10-06,10.418750,10.493750,10.268750,10.418750,5.935102,484800
2003-10-07,10.468750,10.468750,10.362500,10.468750,5.963585,134400
2003-10-08,10.543750,10.562500,10.466250,10.543750,6.006309,314400
2003-10-09,10.531250,10.568750,10.412500,10.531250,5.999188,2086400
2003-10-10,10.487500,10.562500,10.450000,10.487500,5.974266,334400
2003-10-13,10.525000,10.562500,10.443750,10.525000,5.995627,68800
2003-10-14,10.500000,10.500000,7.908750,10.500000,5.981386,304000
2003-10-15,10.362500,10.412500,10.343750,10.362500,5.903058,212800
2003-10-16,10.375000,10.500000,10.375000,10.375000,5.910179,220800
2003-10-17,10.343750,10.343750,10.225000,10.343750,5.892378,914400
2003-10-20,10.383750,10.390000,10.383750,10.383750,5.915164,895200
2003-10-21,10.570000,10.606250,10.462500,10.570000,6.021262,580800
2003-10-22,10.500000,10.563750,10.375000,10.500000,5.981386,2809600
2003-10-23,10.375000,10.375000,10.342500,10.375000,5.910179,495200
2003-10-24,10.418750,10.512500,10.381250,10.418750,5.935102,252800
2003-10-27,10.393750,10.493750,10.393750,10.393750,5.920860,208000
2003-10-28,10.287500,10.368750,10.231250,10.287500,5.860335,236800
2003-10-29,10.331250,10.356250,10.281250,10.331250,5.885257,120800
2003-10-30,10.500000,10.500000,10.387500,10.500000,5.981386,370400
2003-10-31,10.375000,10.387500,10.306250,10.375000,5.910179,680000
2003-11-03,10.306250,10.456250,10.281250,10.306250,5.871015,368000
2003-11-04,10.125000,10.218750,10.106250,10.125000,5.767765,475200
2003-11-05,10.162500,10.175000,10.087500,10.162500,5.789128,114400
2003-11-06,10.200000,10.218750,10.118750,10.200000,5.810489,192000
2003-11-07,10.331250,10.362500,10.150000,10.331250,5.885257,1169600
2003-11-10,10.125000,10.293750,10.125000,10.125000,5.767765,2137600
2003-11-11,10.375000,10.375000,10.193750,10.375000,5.910179,720000
2003-11-12,10.656250,10.681250,10.462500,10.656250,6.070396,160000
2003-11-13,11.062500,11.062500,10.762500,11.062500,6.301818,84800
2003-11-14,11.225000,11.312500,11.125000,11.225000,6.394387,198400
2003-11-17,11.081250,11.193750,11.031250,11.081250,6.312498,556000
2003-11-18,11.375000,11.375000,11.212500,11.375000,6.479834,296000
2003-11-19,11.181250,11.248750,11.093750,11.181250,6.369464,450400
2003-11-20,11.231250,11.300000,11.093750,11.231250,6.397947,208000
2003-11-21,11.312500,11.375000,11.250000,11.312500,6.444231,131200
2003-11-24,11.312500,11.312500,11.100000,11.312500,6.444231,1144800
2003-11-25,11.287500,11.312500,11.173750,11.287500,6.429991,137600
2003-11-26,11.281250,11.281250,11.131250,11.281250,6.426429,198400
2003-11-28,11.281250,11.312500,11.218750,11.312500,6.444231,75200
2003-12-01,11.312500,11.375000,11.287500,11.356250,6.469155,156800
2003-12-02,11.356250,11.425000,11.231250,11.375000,6.479834,152000
2003-12-03,11.375000,11.475000,11.375000,11.452500,6.523985,513600
2003-12-04,11.450000,11.600000,11.450000,11.468750,6.533241,314400
2003-12-05,11.506250,11.662500,11.506250,11.662500,6.643611,332800
2003-12-08,11.662500,11.718750,11.612500,11.718750,6.675653,195200
2003-12-09,11.656250,11.750000,11.656250,11.693750,6.661413,563200
2003-12-10,11.625000,11.712500,11.625000,11.687500,6.657853,155200
2003-12-11,11.650000,11.837500,11.650000,11.762500,6.700577,156000
2003-12-12,11.871250,11.968750,11.871250,11.937500,6.800265,646400
2003-12-15,11.968750,12.062500,11.925000,11.968750,6.818068,246400
2003-12-16,12.000000,12.031250,11.906250,12.000000,6.835870,323200
2003-12-17,12.062500,12.112500,11.911250,12.062500,6.871473,419200
2003-12-18,12.431250,12.443750,12.268750,12.431250,7.081535,1336800
2003-12-19,12.325000,12.400000,12.281250,12.325000,7.021010,500800
2003-12-22,12.400000,12.500000,11.281250,12.400000,7.063733,1013600
2003-12-23,12.375000,12.456250,12.353750,12.375000,7.049491,165600
2003-12-24,12.487500,12.500000,12.375000,12.487500,7.113578,174400
2003-12-26,12.437500,12.493750,12.375000,12.437500,7.085093,80000
2003-12-29,12.556250,12.556250,12.437500,12.556250,7.152740,511200
2003-12-30,12.531250,12.581250,12.468750,12.531250,7.138499,136800
2003-12-31,12.625000,12.662500,12.562500,12.625000,7.191904,284800
2004-01-02,12.581250,12.656250,12.543750,12.581250,7.166983,374400
2004-01-05,12.700000,12.718750,12.562500,12.700000,7.234628,327200
2004-01-06,12.675000,12.712500,12.531250,12.675000,7.220388,367200
2004-01-07,12.450000,12.531250,12.393750,12.450000,7.092215,209600
2004-01-08,12.437500,12.593750,12.350000,12.437500,7.085093,276800
2004-01-09,12.350000,12.406250,12.250000,12.350000,7.035249,422400
2004-01-12,12.212500,12.318750,12.168750,12.212500,6.956923,377600
2004-01-13,12.068750,12.162500,12.050000,12.068750,6.875034,1861600
2004-01-14,12.306250,12.306250,12.056250,12.306250,7.010326,699200
2004-01-15,12.137500,12.143750,12.062500,12.137500,6.914198,559200
2004-01-16,12.093750,12.156250,12.062500,12.093750,6.889274,948800
2004-01-20,12.337500,12.366250,12.212500,12.337500,7.028129,489600
2004-01-21,12.731250,12.731250,12.343750,12.731250,7.252432,4466400
2004-01-22,12.868750,12.875000,12.656250,12.868750,7.330759,1168800
2004-01-23,12.562500,12.873750,12.546250,12.562500,7.156301,440800
2004-01-26,12.781250,12.875000,12.722500,12.781250,7.280914,1899200
2004-01-27,13.000000,13.062500,12.912500,13.000000,7.405525,318400
2004-01-28,12.937500,13.025000,12.812500,12.937500,7.369922,263200
2004-01-29,12.900000,12.975000,12.812500,12.900000,7.348560,276800
2004-01-30,12.718750,12.793750,12.656250,12.718750,7.245310,115200
2004-02-02,13.000000,13.097500,12.937500,13.000000,7.405525,290400
2004-02-03,13.018750,13.033750,12.875000,13.018750,7.416207,640000
2004-02-04,12.968750,12.975000,12.781250,12.968750,7.387723,548800
2004-02-05,12.956250,13.068750,12.906250,12.956250,7.380603,813600
2004-02-06,12.937500,13.000000,12.806250,12.937500,7.369922,156800
2004-02-09,13.062500,13.125000,13.062500,13.062500,7.441130,112000
2004-02-10,13.156250,13.156250,13.062500,13.156250,7.494534,190400
2004-02-11,13.150000,13.162500,12.987500,13.150000,7.490973,176800
2004-02-12,13.025000,13.062500,12.968750,13.025000,7.419767,167200
2004-02-13,12.875000,13.031250,12.875000,12.875000,7.334317,164800
2004-02-17,13.062500,13.093750,13.000000,13.062500,7.441130,282400
2004-02-18,12.875000,13.031250,12.837500,12.875000,7.334317,380800
2004-02-19,12.781250,12.900000,12.781250,12.781250,7.280914,184800
2004-02-20,12.562500,12.781250,12.468750,12.562500,7.156301,192000
2004-02-23,12.681250,12.843750,12.656250,12.681250,7.223948,1041600
2004-02-24,12.687500,12.718750,12.585000,12.687500,7.227509,487200
2004-02-25,12.375000,12.640000,12.331250,12.375000,7.049491,208000
2004-02-26,12.875000,12.875000,12.491250,12.875000,7.334317,617600
2004-02-27,12.950000,13.156250,12.925000,12.950000,7.377042,841600
2004-03-01,13.087500,13.200000,13.037500,13.087500,7.455371,1036800
2004-03-02,13.006250,13.125000,12.880000,13.006250,7.409085,197600
2004-03-03,12.812500,12.868750,12.718750,12.812500,7.298714,126400
2004-03-04,12.850000,12.912500,12.756250,12.850000,7.320078,322400
2004-03-05,13.043750,13.068750,12.937500,13.043750,7.430448,337600
2004-03-08,12.931250,12.987500,12.850000,12.931250,7.366362,492000
2004-03-09,12.900000,13.046250,12.900000,12.900000,7.348560,616800
2004-03-10,12.875000,13.000000,12.875000,12.875000,7.334317,221600
2004-03-11,12.706250,12.812500,12.650000,12.706250,7.238190,351200
2004-03-12,12.531250,12.637500,12.412500,12.531250,7.138499,237600
2004-03-15,12.400000,12.556250,12.381250,12.400000,7.063733,227200
2004-03-16,12.337500,12.468750,12.337500,12.337500,7.028129,130400
2004-03-17,12.412500,12.437500,12.187500,12.412500,7.070852,419200
2004-03-18,12.475000,12.512500,12.375000,12.475000,7.106457,480000
2004-03-19,12.237500,12.387500,12.201250,12.237500,6.971163,538400
2004-03-22,12.156250,12.267500,12.100000,12.156250,6.924878,375200
2004-03-23,12.031250,12.127500,12.018750,12.031250,6.853670,556000
2004-03-24,12.143750,12.231250,12.031250,12.143750,6.917759,204000
2004-03-25,12.062500,12.118750,12.006250,12.062500,6.871473,106400
2004-03-26,11.993750,12.056250,11.902500,11.993750,6.832308,285600
2004-03-29,11.997500,12.112500,11.912500,11.997500,6.834446,235200
2004-03-30,11.968750,12.037500,11.950000,11.968750,6.818068,220000
2004-03-31,12.150000,12.206250,12.106250,12.150000,6.921319,1464800
2004-04-01,12.557500,12.625000,12.375000,12.557500,7.153453,513600
2004-04-02,12.428750,12.500000,12.381250,12.428750,7.080109,1721600
2004-04-05,12.450000,12.450000,12.287500,12.450000,7.092215,665600
2004-04-06,12.343750,12.500000,12.175000,12.343750,7.826328,528800
2004-04-07,12.475000,12.500000,12.275000,12.475000,7.909545,692000
2004-04-08,12.737500,12.750000,12.500000,12.737500,8.075977,192000
2004-04-12,12.781250,12.781250,12.656250,12.781250,8.103718,98400
2004-04-13,12.400000,12.606250,12.387500,12.400000,7.861993,128800
2004-04-14,12.537500,12.562500,12.393750,12.537500,7.949173,396000
2004-04-15,12.781250,12.856250,12.706250,12.781250,8.103718,127200
2004-04-16,12.893750,12.937500,12.781250,12.893750,8.175046,319200
2004-04-19,13.075000,13.081250,12.906250,13.075000,8.289964,287200
2004-04-20,12.656250,12.806250,12.640000,12.656250,8.024463,983200
2004-04-21,12.812500,12.831250,12.700000,12.812500,8.123529,193600
2004-04-22,12.663750,12.731250,12.587500,12.663750,8.029220,402400
2004-04-23,12.762500,12.762500,12.675000,12.762500,8.091829,119200
2004-04-26,13.406250,13.431250,13.218750,13.406250,8.499985,807200
2004-04-27,13.412500,13.475000,13.300000,13.412500,8.503950,1039200
2004-04-28,13.112500,13.218750,13.112500,13.112500,8.313741,360800
2004-04-29,13.187500,13.375000,13.143750,13.187500,8.361294,259200
2004-04-30,13.218750,13.250000,13.093750,13.218750,8.381106,889600
2004-05-03,13.012500,13.031250,12.912500,13.012500,8.250337,518400
2004-05-04,13.212500,13.250000,13.137500,13.212500,8.377143,296800
2004-05-05,13.456250,13.506250,13.212500,13.456250,8.531690,140800
2004-05-06,13.312500,13.375000,13.275000,13.312500,8.440548,299200
2004-05-07,13.210000,13.276250,13.168750,13.210000,8.375558,568800
2004-05-10,12.900000,13.312500,12.787500,12.900000,8.179008,491200
2004-05-11,12.862500,12.921250,12.725000,12.862500,8.155232,269600
2004-05-12,12.737500,12.781250,12.583750,12.737500,8.075977,202400
2004-05-13,12.875000,12.875000,12.657500,12.875000,8.163156,924800
2004-05-14,13.000000,13.060000,12.962500,13.000000,8.242412,526400
2004-05-17,12.918750,13.068750,12.918750,12.918750,8.190896,192000
2004-05-18,13.000000,13.087500,12.968750,13.000000,8.242412,133600
2004-05-19,13.231250,13.250000,13.125000,13.231250,8.389031,429600
2004-05-20,13.162500,13.250000,13.125000,13.162500,8.345442,499200
2004-05-21,13.125000,13.250000,13.125000,13.125000,8.321668,475200
2004-05-24,13.160000,13.187500,13.123750,13.160000,8.343857,1914400
2004-05-25,13.093750,13.120000,13.027500,13.093750,8.301851,769600
2004-05-26,13.037500,13.137500,13.037500,13.037500,8.266189,4319200
2004-05-27,13.437500,13.468750,13.300000,13.437500,8.519800,3149600
2004-05-28,13.168750,13.206250,13.037500,13.168750,8.349405,516000
2004-06-01,13.012500,13.100000,12.956250,13.012500,8.250337,197600
2004-06-02,13.112500,13.275000,13.062500,13.112500,8.313741,435200
2004-06-03,13.093750,13.175000,13.050000,13.093750,8.301851,160000
2004-06-04,13.250000,13.360000,13.156250,13.250000,8.400920,126400
2004-06-07,13.231250,13.400000,13.218750,13.231250,8.389031,310400
2004-06-08,13.156250,13.193750,13.018750,13.156250,8.341478,616000
2004-06-09,12.843750,13.118750,12.825000,12.843750,8.143344,1084800
2004-06-10,12.631250,12.700000,12.556250,12.631250,8.008613,1320000
2004-06-14,12.556250,12.571250,12.500000,12.556250,7.961059,422400
2004-06-15,12.725000,12.800000,12.671250,12.725000,8.068054,559200
2004-06-16,12.825000,12.868750,12.750000,12.825000,8.131456,156800
2004-06-17,12.881250,12.962500,12.843750,12.881250,8.167121,160000
2004-06-18,12.937500,13.062500,12.875000,12.937500,8.202785,323200
2004-06-21,12.993750,13.043750,12.950000,12.993750,8.238450,234400
2004-06-22,12.875000,12.900000,12.793750,12.875000,8.163156,276000
2004-06-23,12.762500,12.825000,12.725000,12.762500,8.091829,354400
2004-06-24,12.706250,12.943750,12.706250,12.706250,8.056166,760800
2004-06-25,12.687500,12.750000,12.681250,12.687500,8.044278,1242400
2004-06-28,12.531250,12.977500,12.531250,12.531250,7.945209,938400
2004-06-29,12.377500,12.500000,12.375000,12.377500,7.847726,272000
2004-06-30,12.376250,12.500000,12.343750,12.376250,7.846934,385600
2004-07-01,12.487500,12.637500,12.475000,12.487500,7.917471,252800
2004-07-02,12.887500,12.918750,12.806250,12.887500,8.171083,289600
2004-07-06,12.737500,12.871250,12.693750,12.737500,8.075977,284800
2004-07-07,12.812500,12.925000,12.781250,12.812500,8.123529,387200
2004-07-08,13.062500,13.143750,12.987500,13.062500,8.282039,996800
2004-07-09,12.858750,12.968750,12.843750,12.858750,8.152855,711200
2004-07-12,12.762500,12.875000,12.718750,12.762500,8.091829,280000
2004-07-13,12.625000,12.631250,12.550000,12.625000,8.004649,180800
2004-07-14,12.756250,12.831250,12.650000,12.756250,8.087867,181600
2004-07-15,12.412500,12.656250,12.387500,12.412500,7.869917,628800
2004-07-16,12.562500,12.668750,12.482500,12.562500,7.965023,491200
2004-07-19,12.537500,12.612500,12.487500,12.537500,7.949173,296800
2004-07-20,12.862500,12.906250,12.706250,12.862500,8.155232,694400
2004-07-21,12.643750,12.762500,12.625000,12.643750,8.016539,352000
2004-07-22,12.706250,12.725000,12.575000,12.706250,8.056166,201600
2004-07-23,12.412500,12.552500,12.412500,12.412500,7.869917,347200
2004-07-26,12.343750,12.400000,12.262500,12.343750,7.826328,220800
2004-07-27,12.250000,12.356250,12.250000,12.250000,7.766888,360000
2004-07-28,12.343750,12.343750,12.172500,12.343750,7.826328,276000
2004-07-29,12.370000,12.412500,12.300000,12.370000,7.842972,379200
2004-07-30,12.343750,12.471250,12.325000,12.343750,7.826328,160000
2004-08-02,12.325000,12.325000,12.237500,12.325000,7.814443,188800
2004-08-03,12.362500,12.375000,12.312500,12.362500,7.838216,180800
2004-08-04,12.318750,12.381250,12.200000,12.318750,7.810477,275200
2004-08-05,12.237500,12.281250,12.212500,12.237500,7.758963,331200
2004-08-06,12.193750,12.218750,12.093750,12.193750,7.731224,226400
2004-08-09,12.125000,12.206250,12.062500,12.125000,7.687633,271200
2004-08-10,12.243750,12.275000,12.168750,12.243750,7.762926,147200
2004-08-11,12.125000,12.156250,11.993750,12.125000,7.687633,557600
2004-08-12,12.187500,12.287500,12.187500,12.187500,7.727262,1088800
2004-08-13,12.031250,12.406250,11.906250,12.031250,7.628192,708800
2004-08-16,12.037500,12.043750,11.950000,12.037500,7.632156,308000
2004-08-17,12.037500,12.093750,11.968750,12.037500,7.632156,573600
2004-08-18,12.132500,12.137500,12.043750,12.132500,7.692389,615200
2004-08-19,12.093750,12.150000,12.043750,12.093750,7.667819,426400
2004-08-20,12.000000,12.125000,11.962500,12.000000,7.608381,539200
2004-08-23,11.887500,11.912500,11.843750,11.887500,7.537052,84800
2004-08-24,11.800000,11.843750,11.750000,11.800000,7.481575,832000
2004-08-25,11.881250,11.887500,11.781250,11.881250,7.533090,276000
2004-08-26,12.093750,12.093750,12.000000,12.093750,7.667819,288800
2004-08-27,12.112500,12.118750,12.031250,12.112500,7.679709,499200
2004-08-30,12.075000,12.200000,12.075000,12.075000,7.655931,64000
2004-08-31,12.137500,12.193750,12.081250,12.137500,7.695560,209600
2004-09-01,12.356250,12.375000,12.237500,12.356250,7.834254,722400
2004-09-02,12.243750,12.306250,12.218750,12.243750,7.762926,1400000
2004-09-03,12.075000,12.137500,12.075000,12.075000,7.655931,152800
2004-09-07,12.306250,12.390000,12.306250,12.306250,7.802551,139200
2004-09-08,12.256250,12.306250,12.137500,12.256250,7.770851,64000
2004-09-09,12.168750,12.443750,12.162500,12.168750,7.715372,546400
2004-09-10,12.387500,12.418750,12.312500,12.387500,7.854067,68800
2004-09-13,12.556250,12.625000,12.556250,12.556250,7.961059,232000
2004-09-14,12.612500,12.625000,12.531250,12.612500,7.996724,720800
2004-09-15,12.506250,12.537500,12.456250,12.506250,7.929361,349600
2004-09-16,12.506250,12.506250,12.375000,12.506250,7.929361,232800
2004-09-17,12.437500,12.500000,12.262500,12.437500,7.885768,2571200
2004-09-20,12.712500,12.750000,12.587500,12.712500,8.060127,344000
2004-09-21,13.000000,13.031250,12.937500,13.000000,8.242412,852800
2004-09-22,13.100000,13.148750,12.956250,13.100000,8.305816,592800
2004-09-23,13.037500,13.062500,12.937500,13.037500,8.266189,740800
2004-09-24,12.843750,12.912500,12.806250,12.843750,8.143344,639200
2004-09-27,12.813750,12.856250,12.768750,12.813750,8.124323,2594400
2004-09-28,12.956250,12.956250,12.887500,12.956250,8.214673,176000
2004-09-29,12.968750,13.012500,12.931250,12.968750,8.222597,204800
2004-09-30,12.950000,13.185000,12.937500,12.950000,8.210710,119200
2004-10-01,13.093750,13.095000,12.975000,13.093750,8.301851,267200
2004-10-04,13.062500,13.112500,13.025000,13.062500,8.282039,116800
2004-10-05,13.121250,13.218750,13.025000,13.121250,8.319288,1180800
2004-10-06,13.156250,13.156250,13.037500,13.156250,8.341478,335200
2004-10-07,12.781250,13.118750,12.712500,12.781250,8.103718,1191200
2004-10-08,12.706250,12.800000,12.706250,12.706250,8.056166,415200
2004-10-11,12.687500,12.693750,12.618750,12.687500,8.044278,120000
2004-10-12,12.593750,12.925000,12.543750,12.593750,7.984838,141600
2004-10-13,12.450000,12.658750,12.443750,12.450000,7.893694,1276800
2004-10-14,12.468750,12.587500,12.406250,12.468750,7.905583,194400
2004-10-15,12.562500,12.618750,12.531250,12.562500,7.965023,445600
2004-10-18,12.593750,12.600000,12.525000,12.593750,7.984838,453600
2004-10-19,12.731250,12.737500,12.631250,12.731250,8.072017,68800
2004-10-20,12.718750,12.718750,12.637500,12.718750,8.064090,104800
2004-10-21,12.625000,12.681250,12.606250,12.625000,8.004649,182400
2004-10-22,12.687500,12.718750,12.625000,12.687500,8.044278,180000
2004-10-25,12.563750,12.700000,12.537500,12.563750,7.965816,402400
2004-10-26,12.531250,12.581250,12.468750,12.531250,7.945209,558400
2004-10-27,12.668750,12.712500,12.506250,12.668750,8.032389,1812000
2004-10-28,13.012500,13.043750,12.825000,13.012500,8.250337,678400
2004-10-29,12.868750,12.881250,12.793750,12.868750,8.159196,193600
2004-11-01,12.793750,12.837500,12.762500,12.793750,8.111643,101600
2004-11-02,12.731250,12.837500,12.718750,12.731250,8.072017,513600
2004-11-03,13.093750,13.187500,13.011250,13.093750,8.301851,1432000
2004-11-04,13.356250,13.375000,13.218750,13.356250,8.468286,202400
2004-11-05,13.593750,13.593750,13.343750,13.593750,8.618868,195200
2004-11-08,13.375000,13.375000,13.256250,13.375000,8.480174,161600
2004-11-09,13.281250,13.281250,13.156250,13.281250,8.420732,217600
2004-11-10,13.193750,13.325000,13.187500,13.193750,8.365255,1219200
2004-11-11,13.375000,13.418750,13.281250,13.375000,8.480174,288000
2004-11-12,13.531250,13.531250,13.417500,13.531250,8.579241,636000
2004-11-15,13.437500,13.443750,13.343750,13.437500,8.519800,80800
2004-11-16,13.450000,13.568750,13.450000,13.450000,8.527726,161600
2004-11-17,13.643750,13.656250,13.518750,13.643750,8.650571,145600
2004-11-18,13.500000,13.593750,13.481250,13.500000,8.559427,153600
2004-11-19,13.287500,13.500000,13.287500,13.287500,8.424696,147200
2004-11-22,13.293750,13.306250,13.200000,13.293750,8.428658,551200
2004-11-23,13.162500,13.318750,13.118750,13.162500,8.345442,195200
2004-11-24,13.243750,13.306250,13.168750,13.243750,8.396957,197600
2004-11-26,13.437500,13.437500,13.293750,13.437500,8.519800,32000
2004-11-29,13.293750,13.437500,13.293750,13.293750,8.428658,400000
2004-11-30,13.175000,13.368750,13.168750,13.175000,8.353369,489600
2004-12-01,13.292500,13.350000,13.225000,13.292500,8.427866,221600
2004-12-02,13.475000,13.531250,13.412500,13.475000,8.543578,110400
2004-12-03,13.412500,13.503750,13.387500,13.412500,8.503950,256800
2004-12-06,13.365000,13.393750,13.312500,13.365000,8.473835,1216000
2004-12-07,13.487500,13.562500,13.468750,13.487500,8.551502,187200
2004-12-08,13.281250,13.312500,13.150000,13.281250,8.420732,336800
2004-12-09,13.312500,13.312500,13.206250,13.312500,8.440548,256800
2004-12-10,13.312500,13.312500,13.168750,13.312500,8.440548,240800
2004-12-13,13.387500,13.425000,13.368750,13.387500,8.488098,158400
2004-12-14,13.512500,13.562500,13.425000,13.512500,8.567354,128000
2004-12-15,13.662500,13.700000,13.587500,13.662500,8.662458,668000
2004-12-16,13.587500,13.612500,13.518750,13.587500,8.614905,436000
2004-12-17,13.775000,13.775000,13.643750,13.775000,8.733787,552800
2004-12-20,14.031250,14.062500,14.000000,14.031250,8.896256,262400
2004-12-21,13.968750,14.031250,13.962500,13.968750,8.856631,1192000
2004-12-22,14.200000,14.200000,14.025000,14.200000,9.003251,1600800
2004-12-23,14.156250,14.306250,14.125000,14.156250,8.975512,421600
2004-12-27,14.306250,14.375000,14.206250,14.306250,9.070616,460800
2004-12-28,14.387500,14.425000,14.306250,14.387500,9.122130,84000
2004-12-29,14.368750,14.400000,14.318750,14.368750,9.110243,168000
2004-12-30,14.468750,14.525000,14.400000,14.468750,9.173647,171200
2004-12-31,14.543750,14.562500,14.350000,14.543750,9.221199,182400
2005-01-03,14.343750,14.412500,14.337500,14.343750,9.094391,696800
2005-01-04,14.062500,14.181250,14.031250,14.062500,8.916071,399200
2005-01-05,14.012500,14.106250,13.993750,14.012500,8.884368,1328800
2005-01-06,13.950000,13.993750,13.937500,13.950000,8.844740,128800
2005-01-07,13.875000,13.981250,13.775000,13.875000,8.797190,178400
2005-01-10,13.943750,13.950000,13.762500,13.943750,8.840779,156800
2005-01-11,13.540000,13.662500,13.540000,13.540000,8.584789,1060800
2005-01-12,13.643750,13.643750,13.562500,13.643750,8.650571,126400
2005-01-13,13.560000,13.625000,13.487500,13.560000,8.597469,147200
2005-01-14,13.606250,13.606250,13.512500,13.606250,8.626793,459200
2005-01-18,13.462500,13.500000,13.325000,13.462500,8.535650,702400
2005-01-19,13.450000,13.562500,13.450000,13.450000,8.527726,422400
2005-01-20,13.425000,13.450000,13.312500,13.425000,8.511875,947200
2005-01-21,13.387500,13.456250,13.387500,13.387500,8.488098,845600
2005-01-24,13.412500,13.468750,13.400000,13.412500,8.503950,337600
2005-01-25,13.312500,13.350000,13.187500,13.312500,8.440548,229200
2005-01-26,13.312500,13.375000,13.275000,13.312500,8.440548,590000
2005-01-27,13.325000,13.412500,13.237500,13.325000,8.448471,362800
2005-01-28,13.312500,13.350000,13.175000,13.312500,8.440548,355600
2005-01-31,13.262500,13.612500,13.250000,13.262500,8.408844,727600
2005-02-01,13.425000,13.425000,13.250000,13.425000,8.511875,539600
2005-02-02,12.625000,12.887500,12.625000,12.625000,8.004649,362000
2005-02-03,12.750000,12.800000,12.637500,12.750000,8.083903,2099600
2005-02-04,12.725000,12.787500,12.625000,12.725000,8.068054,198800
2005-02-07,12.500000,12.625000,12.375000,12.500000,7.925396,608800
2005-02-08,12.500000,12.550000,12.412500,12.500000,7.925396,596800
2005-02-09,12.550000,12.562500,12.500000,12.550000,7.957097,195200
2005-02-10,12.700000,12.750000,12.612500,12.700000,8.052200,336800
2005-02-11,12.775000,12.797500,12.725000,12.775000,8.099754,148800
2005-02-14,12.912500,12.937500,12.837500,12.912500,8.186935,180800
2005-02-15,13.025000,13.025000,12.937500,13.025000,8.258264,340800
2005-02-16,12.950000,13.000000,12.812500,12.950000,8.210710,308800
2005-02-17,12.787500,12.800000,12.725000,12.787500,8.107679,992800
2005-02-18,13.000000,13.000000,12.750000,13.000000,8.242412,352800
2005-02-22,13.400000,13.400000,13.287500,13.400000,8.496025,438000
2005-02-23,13.200000,13.212500,13.087500,13.200000,8.369218,1558400
2005-02-24,13.200000,13.250000,13.075000,13.200000,8.369218,306400
2005-02-25,13.312500,13.375000,13.200000,13.312500,8.440548,315600
2005-02-28,13.062500,13.300000,13.000000,13.062500,8.415421,318000
2005-03-01,13.025000,13.095000,12.987500,13.025000,8.391262,162800
2005-03-02,13.200000,13.237500,13.000000,13.200000,8.504004,427600
2005-03-03,13.100000,13.187500,13.062500,13.100000,8.439580,390800
2005-03-04,13.300000,13.337500,13.175000,13.300000,8.568428,714800
2005-03-07,13.150000,13.175000,13.075000,13.150000,8.471793,264000
2005-03-08,13.125000,13.212500,13.112500,13.125000,8.455687,456400
2005-03-09,13.137500,13.137500,13.000000,13.137500,8.463739,475200
2005-03-10,13.112500,13.187500,13.087500,13.112500,8.447633,299600
2005-03-11,13.250000,13.282500,13.112500,13.250000,8.536218,646000
2005-03-14,13.795000,13.812500,12.912500,13.795000,8.887329,556000
2005-03-15,13.525000,13.837500,13.500000,13.525000,8.713383,3152400
2005-03-16,13.600000,13.687500,13.575000,13.600000,8.761702,1110400
2005-03-17,13.437500,13.687500,13.337500,13.437500,8.657013,1455600
2005-03-18,13.175000,13.225000,13.137500,13.175000,8.487899,221600
2005-03-21,13.612500,13.700000,13.427500,13.612500,8.769753,889200
2005-03-22,13.650000,13.650000,13.650000,13.650000,8.793913,2232800
2005-03-23,13.560000,13.587500,13.462500,13.560000,8.735932,247600
2005-03-24,13.437500,13.450000,13.375000,13.437500,8.657013,184000
2005-03-28,13.362500,13.400000,13.112500,13.362500,8.608694,346000
2005-03-29,13.512500,13.537500,13.400000,13.512500,8.705332,532000
2005-03-30,13.525000,13.562500,13.475000,13.525000,8.713383,346800
2005-03-31,13.495000,13.525000,13.410000,13.495000,8.694055,730000
2005-04-01,13.437500,13.462500,13.337500,13.437500,8.657013,409600
2005-04-04,13.362500,13.400000,13.275000,13.362500,8.608694,934000
2005-04-05,13.525000,13.550000,13.450000,13.525000,8.713383,1026400
2005-04-06,13.812500,13.825000,13.550000,13.812500,8.898603,364400
2005-04-07,13.625000,13.712500,13.562500,13.625000,8.777808,467200
2005-04-08,13.625000,13.625000,13.500000,13.625000,8.777808,423600
2005-04-11,13.675000,13.775000,13.625000,13.675000,8.810019,338000
2005-04-12,13.700000,13.712500,13.550000,13.700000,8.826126,264400
2005-04-13,13.687500,13.687500,13.500000,13.687500,8.818074,202800
2005-04-14,13.650000,13.675000,13.475000,13.650000,8.793913,175200
2005-04-15,14.650000,14.737500,14.227500,14.650000,9.438157,3431200
2005-04-18,14.625000,14.625000,14.537500,14.537500,9.365681,630400
2005-04-19,14.950000,15.037500,14.812500,14.950000,9.631431,854400
2005-04-20,14.817500,14.875000,14.662500,14.817500,9.546067,387200
2005-04-21,14.850000,14.862500,14.750000,14.850000,9.567004,281600
2005-04-22,14.750000,14.862500,14.750000,14.750000,9.502582,301200
2005-04-25,14.542500,14.700000,14.475000,14.542500,9.368900,450400
2005-04-26,15.150000,15.312500,15.000000,15.150000,9.760280,3636800
2005-04-27,15.137500,15.212500,15.012500,15.137500,9.752225,2272400
2005-04-28,15.100000,15.212500,15.050000,15.100000,9.728065,1738000
2005-04-29,15.100000,15.125000,14.987500,15.100000,9.728065,1235200
2005-05-02,15.037500,16.637501,14.912500,15.037500,9.687802,1372000
2005-05-03,15.262500,15.287500,15.062500,15.262500,9.832756,2423200
2005-05-04,15.612500,15.700000,15.387500,15.612500,10.058241,1173200
2005-05-05,15.500000,15.537500,15.450000,15.500000,9.985763,492000
2005-05-06,15.312500,15.415000,15.237500,15.312500,9.864967,356000
2005-05-09,15.225000,15.250000,15.000000,15.225000,9.808597,906800
2005-05-10,15.012500,15.087500,14.987500,15.012500,9.671695,380800
2005-05-11,15.000000,15.000000,14.837500,15.000000,9.663641,1271600
2005-05-12,15.000000,15.025000,14.925000,15.000000,9.663641,1151600
2005-05-13,14.900000,14.987500,14.862500,14.900000,9.599216,596000
2005-05-16,14.975000,14.975000,14.187500,14.975000,9.647535,236400
2005-05-17,15.075000,15.100000,15.000000,15.075000,9.711959,598400
2005-05-18,15.262500,15.287500,15.112500,15.262500,9.832756,484000
2005-05-19,15.337500,15.375000,15.275000,15.337500,9.881074,844400
2005-05-20,15.325000,15.362500,15.162500,15.325000,9.873020,203600
2005-05-23,15.345000,15.362500,15.212500,15.345000,9.885906,484400
2005-05-24,15.637500,15.750000,15.637500,15.637500,10.074347,383600
2005-05-25,15.725000,15.775000,15.625000,15.725000,10.130717,1187600
2005-05-26,15.762500,15.962500,15.737500,15.762500,10.154877,1494000
2005-05-27,16.062500,16.062500,15.862500,16.062500,10.348149,412800
2005-05-31,15.800000,15.900000,15.787500,15.800000,10.179037,564000
2005-06-01,15.912500,16.062500,15.765000,15.912500,10.251512,588800
2005-06-02,15.950000,15.962500,15.812500,15.950000,10.275673,635200
2005-06-03,15.850000,15.912500,15.762500,15.850000,10.211247,434800
2005-06-06,15.862500,15.897500,15.800000,15.862500,10.219300,584800
2005-06-07,15.887500,15.975000,15.860000,15.887500,10.235406,243200
2005-06-08,15.862500,15.950000,15.812500,15.862500,10.219300,193600
2005-06-09,15.887500,15.912500,15.775000,15.887500,10.235406,268400
2005-06-10,15.700000,15.825000,15.680000,15.700000,10.114612,670800
2005-06-13,15.712500,15.725000,15.612500,15.712500,10.122663,310400
2005-06-14,15.775000,15.787500,15.637500,15.775000,10.162929,155600
2005-06-15,15.725000,15.775000,15.650000,15.725000,10.130717,736400
2005-06-16,15.750000,15.762500,15.612500,15.750000,10.146824,726400
2005-06-17,15.887500,15.925000,15.737500,15.887500,10.235406,335200
2005-06-20,15.712500,15.762500,15.662500,15.712500,10.122663,664800
2005-06-21,15.925000,15.987500,15.700000,15.925000,10.259566,716400
2005-06-22,15.800000,15.900000,15.800000,15.800000,10.179037,399200
2005-06-23,15.612500,15.650000,15.537500,15.612500,10.058241,2202000
2005-06-24,15.562500,15.600000,15.487500,15.562500,10.026028,1760000
2005-06-27,15.637500,15.700000,15.562500,15.637500,10.074347,732000
2005-06-28,15.612500,16.037500,15.500000,15.612500,10.058241,438400
2005-06-29,15.750000,15.800000,15.510000,15.750000,10.146824,238800
2005-06-30,15.772500,15.887500,15.762500,15.772500,10.161319,186800
2005-07-01,15.762500,15.800000,15.625000,15.762500,10.154877,745600
2005-07-05,15.637500,15.637500,15.525000,15.637500,10.074347,302800
2005-07-06,15.650000,15.805000,15.575000,15.650000,10.082400,426000
2005-07-07,15.837500,15.837500,15.625000,15.837500,10.203194,319200
2005-07-08,15.850000,15.862500,15.700000,15.850000,10.211247,214800
2005-07-11,16.125000,16.125000,15.862500,16.125000,10.388414,327600
2005-07-12,16.087500,16.100000,15.950000,16.087500,10.364256,1519600
2005-07-13,16.062500,16.137501,15.985000,16.062500,10.348149,644400
2005-07-14,16.100000,16.375000,16.025000,16.100000,10.372310,387600
2005-07-15,16.102501,16.137501,16.025000,16.102501,10.373920,610800
2005-07-18,15.937500,16.187500,15.937500,15.937500,10.267619,386800
2005-07-19,15.787500,15.850000,15.700000,15.787500,10.170983,521600
2005-07-20,16.850000,16.850000,16.487499,16.850000,10.855492,1882800
2005-07-21,16.680000,17.032499,16.500000,16.680000,10.745969,1054800
2005-07-22,16.662500,16.725000,16.525000,16.662500,10.734697,830400
2005-07-25,16.562500,16.612499,16.462500,16.562500,10.670272,557200
2005-07-26,16.850000,16.850000,16.637501,16.850000,10.855492,315600
2005-07-27,16.987499,17.012501,16.775000,16.987499,10.944074,979200
2005-07-28,17.137501,17.137501,16.900000,17.137501,11.040709,410800
2005-07-29,17.000000,17.187500,17.000000,17.000000,10.952127,463200
2005-08-01,17.437500,17.437500,17.225000,17.437500,11.233983,287600
2005-08-02,17.737499,17.787500,17.525000,17.737499,11.427257,358400
2005-08-03,17.802500,17.837500,17.672501,17.802500,11.469130,843600
2005-08-04,17.725000,17.887501,17.725000,17.725000,11.419206,872400
2005-08-05,17.712500,17.795000,17.687500,17.712500,11.411151,431600
2005-08-08,17.812500,17.825001,17.737499,17.812500,11.475574,389600
2005-08-09,17.825001,17.837500,17.762501,17.825001,11.483629,585200
2005-08-10,17.725000,17.825001,17.687500,17.725000,11.419206,5721600
2005-08-11,17.850000,17.850000,17.725000,17.850000,11.499734,340000
2005-08-12,17.674999,17.762501,17.600000,17.674999,11.386991,594000
2005-08-15,17.500000,18.250000,17.412500,17.500000,11.274250,3101600
2005-08-16,17.424999,17.549999,17.312500,17.424999,11.225930,3048800
2005-08-17,17.450001,17.562500,17.437500,17.450001,11.242038,303200
2005-08-18,17.242500,17.412500,17.225000,17.242500,11.108356,788400
2005-08-19,17.137501,17.262501,17.137501,17.137501,11.040709,822800
2005-08-22,17.312500,17.325001,17.212500,17.312500,11.153455,124800
2005-08-23,17.087500,17.162500,17.000000,17.087500,11.008497,216800
2005-08-24,17.049999,17.150000,17.000000,17.049999,10.984340,129600
2005-08-25,17.287500,17.287500,17.012501,17.287500,11.137346,211600
2005-08-26,16.937500,17.087500,16.937500,16.937500,10.911861,524000
2005-08-29,16.875000,16.950001,16.837500,16.875000,10.871597,406400
2005-08-30,17.025000,17.065001,16.950001,17.025000,10.968231,712800
2005-08-31,17.387501,17.387501,17.037500,17.387501,11.201773,324400
2005-09-01,17.650000,17.687500,17.375000,17.650000,11.370884,318800
2005-09-02,17.837500,17.912500,17.687500,17.837500,11.491681,500000
2005-09-06,17.962500,17.962500,17.812500,17.962500,11.572213,167600
2005-09-07,18.075001,18.087500,17.975000,18.075001,11.644689,332000
2005-09-08,18.187500,18.225000,18.100000,18.187500,11.717166,143600
2005-09-09,18.437500,18.437500,18.237499,18.437500,11.878225,303200
2005-09-12,18.437500,18.437500,18.437500,18.437500,11.878225,392400
2005-09-13,18.125000,18.250000,17.950001,18.125000,11.676902,868000
2005-09-14,18.049999,18.200001,18.049999,18.049999,11.628581,632800
2005-09-15,17.670000,17.895000,17.650000,17.670000,11.383770,634400
2005-09-16,18.075001,18.075001,17.937500,18.075001,11.644689,570000
2005-09-19,18.000000,18.112499,17.927500,18.000000,11.596371,722800
2005-09-20,17.787500,18.037500,17.787500,17.787500,11.459467,405200
2005-09-21,17.875000,17.962500,17.662500,17.875000,11.515839,863200
2005-09-22,18.037500,18.125000,17.887501,18.037500,11.620528,434400
2005-09-23,17.525000,17.850000,17.450001,17.525000,11.290355,1201600
2005-09-26,17.375000,17.575001,17.312500,17.375000,11.193715,604800
2005-09-27,17.225000,17.424999,17.225000,17.225000,11.097081,954800
2005-09-28,17.212500,17.225000,16.962500,17.212500,11.089028,959200
2005-09-29,17.287500,17.299999,17.094999,17.287500,11.137346,554400
2005-09-30,17.525000,17.562500,17.275000,17.525000,11.290355,664000
2005-10-03,17.750000,17.799999,17.549999,17.750000,11.435309,1633200
2005-10-04,17.700001,17.787500,17.625000,17.700001,11.403096,607600
2005-10-05,17.862499,18.112499,17.862499,17.862499,11.507786,295600
2005-10-06,18.287500,18.337500,18.150000,18.287500,11.781590,439200
2005-10-07,18.174999,18.212500,18.025000,18.174999,11.709112,731600
2005-10-10,17.975000,18.000000,17.850000,17.975000,11.580264,400000
2005-10-11,18.387501,18.424999,15.672500,18.387501,11.846015,839200
2005-10-12,18.174999,18.424999,18.087500,18.174999,11.709112,640400
2005-10-13,17.975000,17.975000,17.707500,17.975000,11.580264,599600
2005-10-14,18.087500,18.100000,17.850000,18.087500,11.652741,674400
2005-10-17,18.325001,18.375000,18.125000,18.325001,11.805750,632400
2005-10-18,18.725000,18.725000,18.337500,18.725000,12.063445,580800
2005-10-19,18.225000,18.237499,18.049999,18.225000,11.741323,742800
2005-10-20,18.062500,18.212500,17.987499,18.062500,11.636636,531200
2005-10-21,17.987499,17.987499,17.775000,17.987499,11.588316,715600
2005-10-24,18.150000,18.162500,17.975000,18.150000,11.693007,392000
2005-10-25,18.500000,18.562500,18.325001,18.500000,11.918492,518000
2005-10-26,18.687500,18.737499,18.500000,18.687500,12.039288,573600
2005-10-27,18.575001,18.775000,18.512501,18.575001,11.966809,270800
2005-10-28,18.700001,18.700001,18.299999,18.700001,12.047341,900400
2005-10-31,18.787500,18.787500,18.500000,18.787500,12.103712,283600
2005-11-01,18.812500,18.812500,18.587500,18.812500,12.119815,596000
2005-11-02,18.775000,18.862499,18.562500,18.775000,12.095658,504400
2005-11-03,18.762501,18.875000,18.687500,18.762501,12.087605,445200
2005-11-04,18.600000,18.750000,18.450001,18.600000,11.982916,1545600
2005-11-07,18.837500,18.875000,18.475000,18.837500,12.135922,2363600
2005-11-08,18.737499,18.837500,18.575001,18.737499,12.071499,486000
2005-11-09,18.537500,18.562500,18.337500,18.537500,11.942648,385200
2005-11-10,18.487499,18.537500,18.375000,18.487499,11.910438,340400
2005-11-11,18.837500,18.837500,18.680000,18.837500,12.135922,478000
2005-11-14,18.325001,18.487499,18.200001,18.325001,11.805750,402400
2005-11-15,18.337500,18.412500,18.250000,18.337500,11.813802,283600
2005-11-16,18.150000,18.312500,18.062500,18.150000,11.693007,298000
2005-11-17,17.987499,18.299999,17.600000,17.987499,11.588316,872800
2005-11-18,18.240000,18.387501,18.187500,18.240000,11.750989,739200
2005-11-21,18.437500,18.437500,18.325001,18.437500,11.878225,474800
2005-11-22,18.862499,18.875000,18.537500,18.862499,12.152028,286000
2005-11-23,19.125000,19.129999,18.912500,19.125000,12.321143,407200
2005-11-25,19.075001,19.087500,18.924999,19.075001,12.288931,1317600
2005-11-28,18.825001,18.987499,18.737499,18.825001,12.127870,835200
2005-11-29,18.875000,18.950001,18.762501,18.875000,12.160083,685600
2005-11-30,18.875000,19.125000,18.712500,18.875000,12.160083,588400
2005-12-01,18.937500,19.012501,18.612499,18.937500,12.200349,840400
2005-12-02,19.037500,19.087500,18.937500,19.037500,12.264774,329200
2005-12-05,19.450001,19.450001,19.200001,19.450001,12.530522,2318400
2005-12-06,19.450001,19.587500,19.450001,19.450001,12.530522,1048800
2005-12-07,19.674999,19.737499,19.600000,19.674999,12.675476,360000
2005-12-08,19.900000,19.950001,19.637501,19.900000,12.820432,546800
2005-12-09,19.775000,19.987499,19.625000,19.775000,12.739900,514000
2005-12-12,19.775000,19.799999,19.625000,19.775000,12.739900,503600
2005-12-13,19.737499,19.950001,19.600000,19.737499,12.715742,646400
2005-12-14,19.750000,19.799999,19.674999,19.750000,12.723793,264800
2005-12-15,19.450001,19.592501,19.312500,19.450001,12.530522,292800
2005-12-16,19.424999,19.424999,19.362499,19.424999,12.514414,510400
2005-12-19,19.250000,19.337500,19.187500,19.250000,12.401674,626000
2005-12-20,19.037500,19.100000,18.887501,19.037500,12.264774,600400
2005-12-21,19.000000,19.117500,18.799999,19.000000,12.240611,1484000
2005-12-22,18.799999,18.900000,18.637501,18.799999,12.111763,1855600
2005-12-23,18.549999,18.612499,18.387501,18.549999,11.950702,764800
2005-12-27,18.525000,18.712500,18.475000,18.525000,11.934600,954400
2005-12-28,18.712500,18.915001,18.650000,18.712500,12.055392,932000
2005-12-29,18.900000,18.950001,18.775000,18.900000,12.176188,301200
2005-12-30,18.775000,18.787500,18.612499,18.775000,12.095658,202000
2006-01-03,19.237499,19.237499,18.825001,19.237499,12.393620,485200
2006-01-04,19.412500,19.437500,19.275000,19.412500,12.506363,556800
2006-01-05,19.475000,19.512501,19.262501,19.475000,12.546629,691200
2006-01-06,19.512501,19.525000,19.350000,19.512501,12.570786,522800
2006-01-09,19.212500,19.225000,19.087500,19.212500,12.377512,401200
2006-01-10,18.937500,19.100000,18.924999,18.937500,12.200349,510800
2006-01-11,18.900000,18.975000,18.625000,18.900000,12.176188,1432000
2006-01-12,18.937500,19.075001,18.937500,18.937500,12.200349,412000
2006-01-13,19.450001,19.450001,19.012501,19.450001,12.530522,1388800
2006-01-17,19.299999,19.400000,19.212500,19.299999,12.433886,1191200
2006-01-18,18.924999,19.250000,18.812500,18.924999,12.192294,1268400
2006-01-19,19.125000,19.250000,18.900000,19.125000,12.321143,3368400
2006-01-20,19.150000,19.312500,19.049999,19.150000,12.337251,907600
2006-01-23,19.424999,19.562500,19.145000,19.424999,12.514414,1344400
2006-01-24,19.725000,19.812500,18.712500,19.725000,12.707690,960800
2006-01-25,19.400000,19.637501,19.375000,19.400000,12.498310,892000
2006-01-26,19.325001,19.350000,19.225000,19.325001,12.449991,396800
2006-01-27,19.212500,19.362499,19.125000,19.212500,12.377512,286400
2006-01-30,19.212500,19.337500,19.162500,19.212500,12.377512,944400
2006-01-31,19.762501,19.812500,19.450001,19.762501,12.731848,460800
2006-02-01,18.987499,20.000000,18.875000,18.987499,12.232559,596400
2006-02-02,19.037500,19.162500,18.962500,19.037500,12.264774,468800
2006-02-03,18.962500,19.000000,18.825001,18.962500,12.216455,1154800
2006-02-06,18.500000,18.687500,18.450001,18.500000,11.918492,923600
2006-02-07,18.475000,18.612499,18.462500,18.475000,11.902387,534400
2006-02-08,18.762501,19.450001,18.662500,18.762501,12.087605,249600
2006-02-09,18.737499,18.787500,18.637501,18.737499,12.071499,548000
2006-02-10,18.537500,18.712500,18.312500,18.537500,11.942648,984400
2006-02-13,18.212500,18.250000,17.900000,18.212500,11.733270,816000
2006-02-14,18.562500,18.562500,18.125000,18.562500,11.958756,288000
2006-02-15,18.337500,18.562500,18.287500,18.337500,11.813802,321200
2006-02-16,18.487499,18.487499,18.250000,18.487499,11.910438,246800
2006-02-17,18.237499,18.237499,18.049999,18.237499,11.749378,301200
2006-02-21,18.437500,18.537500,18.437500,18.437500,11.878225,551200
2006-02-22,18.549999,18.612499,18.437500,18.549999,11.950702,280800
2006-02-23,18.549999,18.812500,18.549999,18.549999,11.950702,507600
2006-02-24,18.437500,18.537500,18.250000,18.437500,11.878225,366000
2006-02-27,18.225000,18.350000,17.775000,18.225000,11.896012,843200
2006-02-28,18.375000,18.462500,18.187500,18.375000,11.993922,278400
2006-03-01,18.625000,18.687500,18.525000,18.625000,12.157104,476800
2006-03-02,18.875000,18.875000,18.600000,18.875000,12.320289,1302400
2006-03-03,18.987499,19.100000,18.812500,18.987499,12.393720,294400
2006-03-06,19.037500,19.037500,18.787500,19.037500,12.426359,2317200
2006-03-07,18.687500,18.687500,18.575001,18.687500,12.197902,195200
2006-03-08,19.125000,19.174999,18.875000,19.125000,12.483471,314000
2006-03-09,18.900000,19.137501,18.900000,18.900000,12.336605,1230000
2006-03-10,19.100000,19.100000,18.862499,19.100000,12.467152,198800
2006-03-13,19.187500,19.187500,19.062500,19.187500,12.524267,949200
2006-03-14,19.150000,19.187500,19.037500,19.150000,12.499790,500000
2006-03-15,19.362499,19.400000,19.187500,19.362499,12.638495,213600
2006-03-16,19.375000,19.437500,19.250000,19.375000,12.646650,232000
2006-03-17,19.625000,19.700001,19.225000,19.625000,12.809834,584000
2006-03-20,19.450001,19.687500,19.350000,19.450001,12.695608,243600
2006-03-21,19.150000,19.325001,19.150000,19.150000,12.499790,471200
2006-03-22,19.212500,19.275000,19.137501,19.212500,12.540583,464400
2006-03-23,18.750000,18.962500,18.600000,18.750000,12.238697,565200
2006-03-24,18.775000,18.825001,18.674999,18.775000,12.255015,228400
2006-03-27,18.625000,18.775000,18.625000,18.625000,12.157104,690800
2006-03-28,18.387501,18.799999,18.350000,18.387501,12.002083,553200
2006-03-29,18.587500,18.600000,18.424999,18.587500,12.132628,334000
2006-03-30,18.850000,18.962500,18.637501,18.850000,12.303972,294800
2006-03-31,18.612499,21.900000,18.562500,18.612499,12.148948,333200
2006-04-03,18.562500,18.712500,18.437500,18.562500,12.116310,569200
2006-04-04,18.737499,18.737499,18.537500,18.737499,12.230537,200400
2006-04-05,18.837500,18.862499,18.562500,18.837500,12.295810,275600
2006-04-06,18.412500,18.737499,18.350000,18.412500,12.018399,1332400
2006-04-07,18.187500,18.337500,18.110001,18.187500,11.871536,282800
2006-04-10,18.299999,18.375000,18.250000,18.299999,11.944965,230400
2006-04-11,18.424999,18.537500,18.250000,18.424999,12.026558,246400
2006-04-12,18.375000,18.412500,18.125000,18.375000,11.993922,553600
2006-04-13,18.650000,18.662500,18.337500,18.650000,12.173424,209600
2006-04-17,18.737499,18.900000,18.625000,18.737499,12.230537,268000
2006-04-18,18.575001,18.825001,18.475000,18.575001,12.124469,1403600
2006-04-19,18.712500,18.799999,18.462500,18.712500,12.214219,1013600
2006-04-20,18.487499,18.537500,18.312500,18.487499,12.067354,799200
2006-04-21,18.337500,18.424999,18.287500,18.337500,11.969445,275600
2006-04-24,18.812500,18.812500,18.462500,18.812500,12.279490,530000
2006-04-25,18.637501,18.837500,18.575001,18.637501,12.165266,291600
2006-04-26,18.650000,18.887501,18.567499,18.650000,12.173424,416800
2006-04-27,19.075001,19.087500,18.750000,19.075001,12.450834,275200
2006-04-28,19.250000,19.337500,19.062500,19.250000,12.565063,408400
2006-05-01,19.500000,19.562500,19.325001,19.500000,12.728245,1560000
2006-05-02,19.662500,19.750000,19.412500,19.662500,12.834313,871200
2006-05-03,19.275000,19.362499,19.212500,19.275000,12.581380,1273200
2006-05-04,19.299999,19.312500,19.150000,19.299999,12.597698,217600
2006-05-05,19.537500,19.537500,19.212500,19.537500,12.752722,404400
2006-05-08,19.350000,19.475000,19.250000,19.350000,12.630335,630400
2006-05-09,19.962500,20.150000,19.875000,19.962500,13.030134,262400
2006-05-10,19.962500,20.062500,19.875000,19.962500,13.030134,424800
2006-05-11,20.237499,20.250000,19.987499,20.237499,13.209633,990800
2006-05-12,20.174999,20.250000,20.062500,20.174999,13.168837,335600
2006-05-15,20.012501,20.062500,19.912500,20.012501,13.062771,505600
2006-05-16,20.375000,20.437500,20.162500,20.375000,13.299382,364400
2006-05-17,19.987499,20.299999,19.875000,19.987499,13.046452,668400
2006-05-18,19.562500,19.924999,19.562500,19.562500,12.769039,539200
2006-05-19,19.725000,19.725000,19.337500,19.725000,12.875111,410400
2006-05-22,19.337500,19.450001,19.049999,19.337500,12.622174,366400
2006-05-23,19.275000,19.412500,19.087500,19.275000,12.581380,450400
2006-05-24,19.087500,19.325001,19.037500,19.087500,12.458992,280000
2006-05-25,19.225000,19.375000,18.662500,19.225000,12.548743,515200
2006-05-26,19.299999,19.387501,18.750000,19.299999,12.597698,317600
2006-05-30,19.600000,19.737499,19.562500,19.600000,12.793516,836000
2006-05-31,19.500000,19.575001,19.299999,19.500000,12.728245,382800
2006-06-01,19.537500,19.549999,19.250000,19.537500,12.752722,1036400
2006-06-02,19.862499,19.937500,19.662500,19.862499,12.964859,230400
2006-06-05,19.700001,19.962500,19.562500,19.700001,12.858791,302400
2006-06-06,19.549999,19.687500,19.387501,19.549999,12.760882,1542000
2006-06-07,19.875000,20.150000,19.562500,19.875000,12.973019,2288400
2006-06-08,19.750000,19.799999,19.549999,19.750000,12.891425,1408000
2006-06-09,19.737499,19.787500,19.637501,19.737499,12.883268,590000
2006-06-12,19.424999,19.612499,19.375000,19.424999,12.679288,261200
2006-06-13,18.950001,19.337500,18.862499,18.950001,12.369244,790400
2006-06-14,19.299999,19.350000,19.100000,19.299999,12.597698,381200
2006-06-15,19.424999,19.487499,19.299999,19.424999,12.679288,280800
2006-06-16,19.512501,19.512501,19.312500,19.512501,12.736403,943200
2006-06-19,19.312500,19.412500,19.125000,19.312500,12.605860,204800
2006-06-20,19.437500,19.512501,19.350000,19.437500,12.687449,160400
2006-06-21,19.737499,19.737499,18.937500,19.737499,12.883268,201600
2006-06-22,19.900000,20.000000,19.812500,19.900000,12.989337,169200
2006-06-23,19.837500,19.937500,19.762501,19.837500,12.948541,165200
2006-06-26,19.862499,19.875000,19.700001,19.862499,12.964859,276800
2006-06-27,19.712500,19.799999,19.525000,19.712500,12.866948,363600
2006-06-28,19.725000,19.924999,19.712500,19.725000,12.875111,397200
2006-06-29,20.500000,20.500000,20.000000,20.500000,13.380976,698800
2006-06-30,20.687500,20.862499,20.462500,20.687500,13.503366,439200
2006-07-03,20.987499,20.987499,20.862499,20.987499,13.699182,71600
2006-07-05,20.924999,20.950001,20.687500,20.924999,13.658383,736000
2006-07-06,21.287500,21.287500,20.937500,21.287500,13.894998,516400
2006-07-07,21.062500,21.187500,21.000000,21.062500,13.748136,143200
2006-07-10,21.087500,21.100000,20.862499,21.087500,13.764454,126800
2006-07-11,21.250000,21.355000,20.750000,21.250000,13.870524,1098000
2006-07-12,21.337500,21.462500,21.212500,21.337500,13.927634,340400
2006-07-13,21.112499,21.262501,20.987499,21.112499,13.780770,644400
2006-07-14,20.912500,21.112499,20.750000,20.912500,13.650225,246000
2006-07-17,20.787500,20.912500,20.662500,20.787500,13.568635,259200
2006-07-18,20.725000,20.750000,20.600000,20.725000,13.527840,194800
2006-07-19,20.825001,20.924999,20.487499,20.825001,13.593112,196800
2006-07-20,21.612499,21.750000,21.575001,21.612499,14.107138,229200
2006-07-21,21.737499,21.812500,21.687500,21.737499,14.188728,313200
2006-07-24,22.150000,22.250000,21.862499,22.150000,14.457978,235600
2006-07-25,22.150000,22.350000,22.087500,22.150000,14.457978,343200
2006-07-26,22.012501,22.075001,21.762501,22.012501,14.368231,310000
2006-07-27,21.850000,21.924999,21.750000,21.850000,14.262163,496800
2006-07-28,22.187500,22.287500,21.924999,22.187500,14.482457,318800
2006-07-31,22.174999,22.387501,22.174999,22.174999,14.474296,117200
2006-08-01,22.287500,22.299999,21.950001,22.287500,14.547731,271200
2006-08-02,22.400000,22.412500,22.275000,22.400000,14.621161,287200
2006-08-03,21.900000,22.062500,21.812500,21.900000,14.294796,125600
2006-08-04,22.299999,22.400000,22.125000,22.299999,14.555892,1332400
2006-08-07,22.062500,22.275000,22.012501,22.062500,14.400866,582400
2006-08-08,21.912500,22.125000,21.912500,21.912500,14.302958,200000
2006-08-09,22.400000,22.575001,22.387501,22.400000,14.621161,298800
2006-08-10,22.100000,22.174999,22.012501,22.100000,14.425345,500000
2006-08-11,21.962500,22.137501,21.962500,21.962500,14.335594,206400
2006-08-14,22.275000,22.312500,22.100000,22.275000,14.539573,246800
2006-08-15,22.875000,22.937500,22.662500,22.875000,14.931209,169200
2006-08-16,22.837500,23.112499,22.837500,22.837500,14.906734,643600
2006-08-17,22.525000,22.737499,22.299999,22.525000,14.702756,320400
2006-08-18,22.475000,22.637501,22.250000,22.475000,14.670116,212000
2006-08-21,22.712500,22.837500,22.662500,22.712500,14.825146,191200
2006-08-22,22.587500,22.662500,22.437500,22.587500,14.743549,452000
2006-08-23,22.549999,22.637501,22.362499,22.549999,14.719074,562400
2006-08-24,22.787500,22.900000,22.687500,22.787500,14.874096,473200
2006-08-25,22.799999,22.912500,22.712500,22.799999,14.882255,191200
2006-08-28,22.825001,22.937500,22.637501,22.825001,14.898574,653600
2006-08-29,23.150000,23.254999,22.812500,23.150000,15.110709,365600
2006-08-30,23.125000,23.287500,22.937500,23.125000,15.094394,2535200
2006-08-31,22.975000,23.077499,22.950001,22.975000,14.996485,669200
2006-09-01,22.887501,23.000000,22.799999,22.887501,14.939370,139200
2006-09-05,22.825001,22.825001,22.625000,22.825001,14.898574,86400
2006-09-06,22.875000,22.937500,22.575001,22.875000,14.931209,259200
2006-09-07,22.487499,22.600000,22.475000,22.487499,14.678278,599200
2006-09-08,22.687500,22.687500,22.512501,22.687500,14.808822,335600
2006-09-11,21.500000,22.162500,21.337500,21.500000,14.033705,439200
2006-09-12,22.000000,22.012501,21.674999,22.000000,14.360070,287600
2006-09-13,21.799999,21.875000,21.500000,21.799999,14.229523,349600
2006-09-14,21.400000,21.647499,21.212500,21.400000,13.968433,326000
2006-09-15,21.162500,21.187500,20.875000,21.162500,13.813409,450000
2006-09-18,21.500000,21.512501,21.174999,21.500000,14.033705,518400
2006-09-19,21.562500,21.562500,21.424999,21.562500,14.074500,201200
2006-09-20,21.975000,21.975000,21.762501,21.975000,14.343752,760800
2006-09-21,21.812500,21.812500,21.600000,21.812500,14.237684,488000
2006-09-22,21.725000,21.750000,21.532499,21.725000,14.180570,371200
2006-09-25,21.725000,21.725000,21.500000,21.725000,14.180570,708000
2006-09-26,21.625000,21.725000,21.475000,21.625000,14.115298,360000
2006-09-27,22.150000,22.187500,21.862499,22.150000,14.457978,617200
2006-09-28,21.987499,22.000000,21.712500,21.987499,14.351910,923600
2006-09-29,21.662500,21.987499,21.500000,21.662500,14.139773,278800
2006-10-02,21.712500,21.799999,21.650000,21.712500,14.172411,259600
2006-10-03,21.937500,22.000000,21.737499,21.937500,14.319276,274800
2006-10-04,21.912500,22.062500,21.537500,21.912500,14.302958,507600
2006-10-05,21.687500,21.825001,21.637501,21.687500,14.156096,234800
2006-10-06,21.525000,21.562500,21.262501,21.525000,14.050025,656000
2006-10-09,21.737499,21.737499,21.487499,21.737499,14.188728,515600
2006-10-10,21.812500,21.812500,21.587500,21.812500,14.237684,712800
2006-10-11,21.875000,21.987499,21.612499,21.875000,14.278482,3070800
2006-10-12,21.962500,21.962500,21.562500,21.962500,14.335594,1684000
2006-10-13,21.787500,21.837500,21.687500,21.787500,14.221366,1446400
2006-10-16,21.937500,21.987499,21.787500,21.937500,14.319276,725600
2006-10-17,21.837500,21.937500,21.612499,21.837500,14.254002,725200
2006-10-18,21.625000,21.837500,21.400000,21.625000,14.115298,423600
2006-10-19,21.687500,21.725000,21.530001,21.687500,14.156096,379200
2006-10-20,21.650000,21.725000,21.537500,21.650000,14.131615,202800
2006-10-23,21.787500,21.787500,21.575001,21.787500,14.221366,596000
2006-10-24,21.674999,21.674999,21.450001,21.674999,14.147936,388800
2006-10-25,21.587500,21.600000,21.462500,21.587500,14.090819,2741200
2006-10-26,21.799999,21.812500,21.600000,21.799999,14.229523,1911200
2006-10-27,21.825001,21.875000,21.650000,21.825001,14.245844,2703200
2006-10-30,21.799999,21.924999,21.712500,21.799999,14.229523,1597600
2006-10-31,22.012501,22.012501,21.799999,22.012501,14.368231,2398000
2006-11-01,21.987499,22.100000,21.937500,21.987499,14.351910,497600
2006-11-02,22.299999,22.312500,21.987499,22.299999,14.555892,269200
2006-11-03,22.100000,22.174999,21.962500,22.100000,14.425345,2327600
2006-11-06,22.387501,22.462500,22.137501,22.387501,14.613007,594000
2006-11-07,22.437500,22.525000,22.262501,22.437500,14.645639,1287200
2006-11-08,22.312500,22.350000,22.212500,22.312500,14.564050,323200
2006-11-09,22.037500,22.350000,22.037500,22.037500,14.384547,404400
2006-11-10,22.100000,22.200001,22.075001,22.100000,14.425345,551600
2006-11-13,22.150000,22.287500,22.137501,22.150000,14.457978,1818800
2006-11-14,22.225000,22.287500,22.062500,22.225000,14.506934,486000
2006-11-15,22.387501,22.462500,22.225000,22.387501,14.613007,368800
2006-11-16,22.312500,22.312500,22.150000,22.312500,14.564050,659600
2006-11-17,22.212500,22.250000,22.062500,22.212500,14.498774,237600
2006-11-20,22.525000,22.562500,22.350000,22.525000,14.702756,550800
2006-11-21,22.575001,22.700001,22.475000,22.575001,14.735393,246000
2006-11-22,23.025000,23.025000,22.875000,23.025000,15.029119,205600
2006-11-24,23.025000,23.025000,23.025000,23.025000,15.029119,0
2006-11-27,22.650000,22.812500,22.575001,22.650000,14.784348,355200
2006-11-28,22.400000,22.575001,22.287500,22.400000,14.621161,430400
2006-11-29,22.612499,22.612499,22.362499,22.612499,14.759867,168400
2006-11-30,22.762501,22.787500,22.549999,22.762501,14.857779,847600
2006-12-01,22.337500,22.500000,22.312500,22.337500,14.580365,361600
2006-12-04,22.387501,22.424999,22.112499,22.387501,14.613007,690400
2006-12-05,22.287500,22.375000,22.200001,22.287500,14.547731,468800
2006-12-06,22.362499,22.375000,22.049999,22.362499,14.596686,849600
2006-12-07,22.400000,22.562500,22.372499,22.400000,14.621161,316800
2006-12-08,22.375000,22.625000,22.312500,22.375000,14.604843,216400
2006-12-11,22.287500,22.337500,22.137501,22.287500,14.547731,235200
2006-12-12,22.674999,22.674999,22.287500,22.674999,14.800663,342400
2006-12-13,22.625000,22.674999,22.437500,22.625000,14.768026,596800
2006-12-14,22.637501,22.637501,22.462500,22.637501,14.776184,420000
2006-12-15,22.375000,22.637501,22.312500,22.375000,14.604843,632400
2006-12-18,22.587500,22.674999,22.462500,22.587500,14.743549,734000
2006-12-19,22.500000,22.562500,22.400000,22.500000,14.686434,969200
2006-12-20,22.325001,22.600000,22.325001,22.325001,14.572211,337200
2006-12-21,22.625000,22.662500,22.487499,22.625000,14.768026,626000
2006-12-22,22.424999,22.612499,22.312500,22.424999,14.637483,331600
2006-12-26,22.400000,22.500000,22.362499,22.400000,14.621161,178000
2006-12-27,22.487499,22.500000,22.337500,22.487499,14.678278,250000
2006-12-28,22.500000,22.612499,22.350000,22.500000,14.686434,228400
2006-12-29,22.362499,22.500000,22.325001,22.362499,14.596686,248000
2007-01-03,22.799999,22.862499,22.737499,22.799999,14.882255,542000
2007-01-04,22.787500,22.887501,22.750000,22.787500,14.874096,1032800
2007-01-05,23.187500,23.287500,22.787500,23.187500,15.135187,1254800
2007-01-08,22.837500,23.012501,22.812500,22.837500,14.906734,1316000
2007-01-09,22.887501,22.900000,22.799999,22.887501,14.939370,538000
2007-01-10,22.687500,22.787500,22.562500,22.687500,14.808822,826400
2007-01-11,23.174999,23.225000,23.000000,23.174999,15.127029,449200
2007-01-12,23.137501,23.299999,23.087500,23.137501,15.102552,228400
2007-01-16,23.562500,23.575001,23.462500,23.562500,15.379960,192400
2007-01-17,23.687500,23.725000,23.635000,23.687500,15.461551,895200
2007-01-18,23.762501,23.900000,23.725000,23.762501,15.510509,443200
2007-01-19,24.062500,24.100000,23.875000,24.062500,15.706328,386000
2007-01-22,23.674999,23.787500,23.575001,23.674999,15.453394,333600
2007-01-23,23.825001,23.870001,23.637501,23.825001,15.551305,665200
2007-01-24,23.712500,23.747499,23.587500,23.712500,15.477873,468000
2007-01-25,23.600000,23.875000,23.562500,23.600000,15.404441,535200
2007-01-26,23.325001,23.512501,23.225000,23.325001,15.224938,216000
2007-01-29,23.337500,23.500000,23.187500,23.337500,15.233097,628000
2007-01-30,23.412500,23.500000,23.325001,23.412500,15.282055,233600
2007-01-31,23.625000,23.637501,23.350000,23.625000,15.420757,659200
2007-02-01,24.049999,24.075001,23.837500,24.049999,15.698168,457200
2007-02-02,23.775000,24.612499,23.737499,23.775000,15.518664,640400
2007-02-05,23.950001,24.025000,23.775000,23.950001,15.632895,350000
2007-02-06,24.112499,24.150000,24.000000,24.112499,15.738965,266000
2007-02-07,23.525000,23.600000,23.412500,23.525000,15.355481,424000
2007-02-08,23.150000,23.174999,22.750000,23.150000,15.110709,1016000
2007-02-09,22.612499,23.150000,22.450001,22.612499,14.759867,487200
2007-02-12,22.625000,22.787500,22.612499,22.625000,14.768026,1374800
2007-02-13,22.812500,22.812500,22.700001,22.812500,14.890415,345200
2007-02-14,23.250000,23.250000,23.012501,23.250000,15.175985,374800
2007-02-15,23.174999,23.225000,23.125000,23.174999,15.127029,390400
2007-02-16,23.287500,23.350000,23.225000,23.287500,15.200461,988800
2007-02-20,23.337500,23.400000,23.187500,23.337500,15.233097,175600
2007-02-21,23.100000,23.200001,23.000000,23.100000,15.078074,389200
2007-02-22,22.662500,22.712500,22.525000,22.662500,14.792502,696000
2007-02-23,22.637501,22.799999,22.600000,22.637501,14.776184,469600
2007-02-26,22.612499,22.650000,22.475000,22.612499,14.759867,440400
2007-02-27,22.162500,22.612499,22.150000,22.162500,14.466141,269200
2007-02-28,22.312500,22.512501,22.162500,22.312500,14.564050,321600
2007-03-01,22.237499,22.312500,22.125000,22.237499,14.515094,299600
2007-03-02,22.200001,22.342501,22.137501,22.200001,14.490618,507600
2007-03-05,21.562500,21.950001,21.562500,21.562500,14.296353,226400
2007-03-06,21.937500,22.012501,21.750000,21.937500,14.544985,323200
2007-03-07,22.075001,22.312500,21.887501,22.075001,14.636150,286800
2007-03-08,22.037500,22.137501,21.987499,22.037500,14.611288,145200
2007-03-09,21.792500,21.912500,21.712500,21.792500,14.448846,327200
2007-03-12,21.912500,21.950001,21.725000,21.912500,14.528410,330400
2007-03-13,21.712500,21.962500,21.700001,21.712500,14.395805,142400
2007-03-14,21.537500,21.687500,21.375000,21.537500,14.279778,402000
2007-03-15,21.625000,21.725000,21.537500,21.625000,14.337791,233600
2007-03-16,22.012501,22.225000,21.900000,22.012501,14.594712,306400
2007-03-19,22.025000,22.087500,21.825001,22.025000,14.602996,440800
2007-03-20,22.250000,22.312500,21.900000,22.250000,14.752180,400400
2007-03-21,22.662500,22.812500,22.325001,22.662500,15.025672,295200
2007-03-22,22.862499,23.012501,22.750000,22.862499,15.158275,216800
2007-03-23,22.862499,23.025000,22.400000,22.512501,14.926222,287200
2007-03-26,22.625000,22.687500,22.500000,22.625000,15.000810,2124400
2007-03-27,22.424999,22.537500,22.375000,22.424999,14.868206,447200
2007-03-28,22.100000,22.250000,22.075001,22.100000,14.652727,260800
2007-03-29,22.237499,22.299999,22.087500,22.237499,14.743889,314800
2007-03-30,22.125000,22.287500,22.027500,22.125000,14.669299,1017600
2007-04-02,22.112499,22.325001,22.100000,22.112499,14.661012,204000
2007-04-03,22.412500,22.512501,22.337500,22.412500,14.859921,156800
2007-04-04,22.412500,22.512501,22.299999,22.412500,14.859921,193200
2007-04-05,22.775000,22.787500,22.525000,22.775000,15.100262,210000
2007-04-09,22.650000,22.812500,22.575001,22.650000,15.017385,205200
2007-04-10,22.950001,22.950001,22.737499,22.950001,15.216291,329600
2007-04-11,22.837500,22.862499,22.700001,22.837500,15.141701,350800
2007-04-12,22.875000,22.875000,22.575001,22.875000,15.166563,498800
2007-04-13,23.137501,23.162500,22.962500,23.137501,15.340610,239200
2007-04-16,23.112499,23.212500,23.049999,23.112499,15.324032,90400
2007-04-17,23.075001,23.100000,22.975000,23.075001,15.299170,373200
2007-04-18,23.750000,23.912500,23.725000,23.750000,15.746706,159600
2007-04-19,24.087500,24.174999,23.912500,24.087500,15.970476,5972800
2007-04-20,24.312500,24.375000,24.100000,24.312500,16.119654,250000
2007-04-23,24.350000,24.362499,24.100000,24.350000,16.144518,633200
2007-04-24,24.025000,24.200001,23.975000,24.025000,15.929038,989600
2007-04-25,24.212500,24.299999,24.112499,24.212500,16.053354,276000
2007-04-26,24.062500,24.100000,23.875000,24.062500,15.953898,274000
2007-04-27,23.850000,23.887501,23.737499,23.850000,15.813007,224400
2007-04-30,23.562500,23.775000,23.500000,23.562500,15.622389,1269200
2007-05-01,23.637501,23.650000,23.500000,23.637501,15.672121,228400
2007-05-02,23.687500,23.712500,23.437500,23.687500,15.705267,4958800
2007-05-03,23.600000,23.637501,23.450001,23.600000,15.647255,395200
2007-05-04,24.212500,24.250000,23.962500,24.212500,16.053354,450400
2007-05-07,23.900000,24.062500,23.825001,23.900000,15.846160,868400
2007-05-08,23.700001,23.737499,23.549999,23.700001,15.713555,251200
2007-05-09,23.725000,23.725000,23.462500,23.725000,15.730133,212000
2007-05-10,23.312500,23.487499,23.275000,23.312500,15.456635,360800
2007-05-11,23.437500,23.500000,23.299999,23.437500,15.539515,283600
2007-05-14,23.174999,23.412500,23.112499,23.174999,15.365472,763600
2007-05-15,23.275000,23.625000,23.275000,23.275000,15.431772,678800
2007-05-16,23.250000,23.350000,23.200001,23.250000,15.415197,1051600
2007-05-17,23.237499,23.287500,23.187500,23.237499,15.406908,242400
2007-05-18,23.225000,23.287500,23.000000,23.225000,15.398622,877600
2007-05-21,23.025000,23.350000,23.012501,23.025000,15.266018,428800
2007-05-22,22.962500,23.087500,22.962500,22.962500,15.224581,944800
2007-05-23,22.912500,23.150000,22.900000,22.912500,15.191427,1254400
2007-05-24,22.875000,23.037500,22.812500,22.875000,15.166563,1784400
2007-05-25,23.225000,23.250000,22.987499,23.225000,15.398622,530800
2007-05-29,23.025000,23.225000,22.975000,23.025000,15.266018,682400
2007-05-30,23.025000,23.062500,22.812500,23.025000,15.266018,406400
2007-05-31,22.962500,23.037500,22.887501,22.962500,15.224581,364400
2007-06-01,23.112499,23.200001,22.962500,23.112499,15.324032,1132400
2007-06-04,23.062500,23.062500,22.875000,23.062500,15.290878,506000
2007-06-05,22.875000,22.962500,22.787500,22.875000,15.166563,2044800
2007-06-06,22.662500,22.825001,22.537500,22.662500,15.025672,578000
2007-06-07,22.000000,22.500000,22.000000,22.000000,14.586422,643600
2007-06-08,22.187500,22.187500,21.900000,22.187500,14.710738,1500800
2007-06-11,22.062500,22.100000,21.825001,22.062500,14.627864,223200
2007-06-12,21.737499,21.975000,21.687500,21.737499,14.412381,545600
2007-06-13,21.850000,21.850000,21.662500,21.850000,14.486969,919600
2007-06-14,21.987499,21.987499,21.700001,21.987499,14.578135,1315600
2007-06-15,22.150000,22.187500,22.087500,22.150000,14.685875,1606800
2007-06-18,22.000000,22.012501,21.862499,22.000000,14.586422,1121200
2007-06-19,22.012501,22.049999,21.950001,22.012501,14.594712,1501200
2007-06-20,21.674999,21.987499,21.662500,21.674999,14.370943,2966400
2007-06-21,21.475000,21.537500,21.362499,21.475000,14.238338,8446000
2007-06-22,21.325001,21.600000,21.250000,21.325001,14.138885,2079200
2007-06-25,21.424999,21.625000,21.350000,21.424999,14.205183,613600
2007-06-26,21.450001,21.549999,21.387501,21.450001,14.221762,1202000
2007-06-27,21.700001,21.750000,21.475000,21.700001,14.387517,341200
2007-06-28,21.975000,22.000000,21.775000,21.975000,14.569847,426000
2007-06-29,22.237499,22.250000,22.049999,22.237499,14.743889,488000
2007-07-02,22.525000,22.575001,22.350000,22.525000,14.934507,1050800
2007-07-03,22.362499,22.424999,22.312500,22.362499,14.826767,232000
2007-07-05,22.412500,22.575001,22.237499,22.412500,14.859921,434800
2007-07-06,22.462500,22.549999,22.212500,22.462500,14.893070,1301200
2007-07-09,22.522499,24.037500,22.424999,22.522499,14.932851,620000
2007-07-10,22.525000,22.725000,22.400000,22.525000,14.934507,599200
2007-07-11,22.525000,22.615000,22.412500,22.525000,14.934507,409600
2007-07-12,22.625000,22.625000,22.400000,22.625000,15.000810,291600
2007-07-13,22.437500,22.575001,22.362499,22.437500,14.876493,719200
2007-07-16,22.487499,22.612499,22.475000,22.487499,14.909643,481200
2007-07-17,22.250000,22.625000,22.250000,22.250000,14.752180,1335600
2007-07-18,22.187500,22.424999,22.187500,22.187500,14.710738,538400
2007-07-19,22.987499,23.250000,22.812500,22.987499,15.241156,11480800
2007-07-20,22.812500,23.000000,22.750000,22.812500,15.125128,1674400
2007-07-23,22.462500,22.887501,22.450001,22.462500,14.893070,886000
2007-07-24,22.287500,22.587500,22.287500,22.287500,14.777040,782800
2007-07-25,22.200001,22.387501,22.012501,22.200001,14.719028,441600
2007-07-26,21.625000,22.112499,21.375000,21.625000,14.337791,2084400
2007-07-27,21.650000,21.924999,21.612499,21.650000,14.354364,1027600
2007-07-30,22.000000,22.100000,21.875000,22.000000,14.586422,482800
2007-07-31,22.275000,22.337500,22.062500,22.275000,14.768754,650800
2007-08-01,22.275000,22.275000,22.112499,22.275000,14.768754,245200
2007-08-02,22.137501,22.212500,22.049999,22.137501,14.677590,172400
2007-08-03,21.862499,21.987499,21.787500,21.862499,14.495257,400000
2007-08-06,21.900000,22.049999,21.900000,21.900000,14.520121,989600
2007-08-07,22.062500,22.112499,21.912500,22.062500,14.627864,1145200
2007-08-08,22.500000,22.587500,22.299999,22.500000,14.917933,654800
2007-08-09,21.975000,22.375000,21.937500,21.975000,14.569847,274800
2007-08-10,21.799999,21.937500,21.525000,21.799999,14.453819,538800
2007-08-13,21.625000,21.799999,21.625000,21.625000,14.337791,286800
2007-08-14,21.450001,21.662500,21.450001,21.450001,14.221762,333200
2007-08-15,21.250000,21.487499,21.250000,21.250000,14.089161,252400
2007-08-16,21.225000,21.312500,20.812500,21.225000,14.072585,598000
2007-08-17,21.275000,21.512501,21.162500,21.275000,14.105737,624800
2007-08-20,21.650000,21.760000,21.475000,21.650000,14.354364,1055600
2007-08-21,21.700001,21.700001,21.575001,21.700001,14.387517,181600
2007-08-22,21.924999,21.924999,21.637501,21.924999,14.536697,721600
2007-08-23,22.000000,22.062500,21.812500,22.000000,14.586422,328800
2007-08-24,21.950001,22.162500,21.875000,21.950001,14.553271,178800
2007-08-27,22.062500,22.062500,21.907499,22.062500,14.627864,256400
2007-08-28,21.712500,22.025000,21.700001,21.712500,14.395805,248400
2007-08-29,21.750000,21.787500,21.562500,21.750000,14.420669,372000
2007-08-30,21.437500,21.625000,21.400000,21.437500,14.213473,1397600
2007-08-31,21.875000,21.937500,21.637501,21.875000,14.503545,353600
2007-09-04,22.035000,22.037500,21.650000,22.035000,14.609627,246800
2007-09-05,21.975000,21.987499,21.799999,21.975000,14.569847,160800
2007-09-06,22.075001,22.087500,21.887501,22.075001,14.636150,717200
2007-09-07,22.174999,22.237499,22.045000,22.174999,14.702451,4382000
2007-09-10,22.025000,22.150000,21.937500,22.025000,14.602996,139600
2007-09-11,22.000000,22.125000,21.932501,22.000000,14.586422,374800
2007-09-12,22.112499,22.225000,21.924999,22.112499,14.661012,347200
2007-09-13,22.100000,22.237499,22.049999,22.100000,14.652727,270400
2007-09-14,21.787500,21.850000,21.700001,21.787500,14.445533,612000
2007-09-17,21.674999,21.850000,21.600000,21.674999,14.370943,811600
2007-09-18,22.037500,22.087500,21.612499,22.037500,14.611288,310000
2007-09-19,22.110001,22.312500,22.107500,22.110001,14.659356,406000
2007-09-20,22.287500,22.587500,22.287500,22.287500,14.777040,375600
2007-09-21,22.537500,22.600000,22.424999,22.537500,14.942798,412000
2007-09-24,22.775000,22.887501,22.687500,22.775000,15.100262,240400
2007-09-25,22.737499,22.812500,22.662500,22.737499,15.075398,1033600
2007-09-26,22.650000,22.687500,22.549999,22.650000,15.017385,397200
2007-09-27,22.475000,22.587500,22.437500,22.475000,14.901356,796800
2007-09-28,22.575001,22.700001,22.450001,22.575001,14.967664,1154800
2007-10-01,22.862499,22.862499,22.612499,22.862499,15.158275,266400
2007-10-02,22.612499,22.700001,22.537500,22.612499,14.992522,293600
2007-10-03,22.500000,22.600000,22.400000,22.500000,14.917933,184800
2007-10-04,22.500000,22.625000,22.450001,22.500000,14.917933,163200
2007-10-05,22.500000,22.612499,22.312500,22.500000,14.917933,207600
2007-10-08,22.387501,22.462500,22.262501,22.387501,14.843346,214000
2007-10-09,22.549999,22.549999,22.387501,22.549999,14.951084,177600
2007-10-10,22.812500,22.900000,22.750000,22.812500,15.125128,199200
2007-10-11,23.049999,23.212500,22.900000,23.049999,15.282593,104800
2007-10-12,22.950001,23.027500,22.787500,22.950001,15.216291,202000
2007-10-15,23.007500,23.025000,22.875000,23.007500,15.254415,365200
2007-10-16,22.174999,22.299999,22.137501,22.174999,14.702451,300000
2007-10-17,21.950001,22.250000,21.887501,21.950001,14.553271,428000
2007-10-18,22.225000,22.262501,22.100000,22.225000,14.735602,389200
2007-10-19,21.687500,21.975000,21.662500,21.687500,14.379230,698800
2007-10-22,21.705000,21.705000,21.450001,21.705000,14.390831,843200
2007-10-23,21.512501,21.812500,21.430000,21.512501,14.263203,355200
2007-10-24,21.674999,21.787500,21.537500,21.674999,14.370943,312400
2007-10-25,21.637501,21.674999,21.500000,21.637501,14.346078,413200
2007-10-26,21.549999,21.562500,21.299999,21.549999,14.288063,279600
2007-10-29,21.150000,21.549999,21.012501,21.150000,14.022858,522400
2007-10-30,21.162500,21.162500,21.012501,21.162500,14.031144,3470000
2007-10-31,21.362499,21.562500,21.225000,21.362499,14.163748,3241600
2007-11-01,21.097500,21.237499,20.975000,21.097500,13.988047,2185200
2007-11-02,21.150000,21.412500,21.075001,21.150000,14.022858,736800
2007-11-05,21.087500,21.174999,20.987499,21.087500,13.981419,266800
2007-11-06,21.375000,21.437500,21.262501,21.375000,14.172036,978000
2007-11-07,21.375000,21.625000,21.287500,21.375000,14.172036,1908800
2007-11-08,21.412500,21.525000,21.237499,21.412500,14.196900,1039200
2007-11-09,21.187500,21.337500,21.062500,21.187500,14.047717,517200
2007-11-12,21.112499,21.237499,20.887501,21.112499,13.997993,427200
2007-11-13,21.712500,21.787500,21.562500,21.712500,14.395805,839200
2007-11-14,22.125000,22.500000,22.100000,22.125000,14.669299,643600
2007-11-15,22.275000,22.424999,22.174999,22.275000,14.768754,542400
2007-11-16,22.275000,22.350000,22.174999,22.275000,14.768754,275200
2007-11-19,21.837500,22.167500,21.735001,21.837500,14.478683,154000
2007-11-20,22.424999,22.600000,22.299999,22.424999,14.868206,531200
2007-11-21,22.424999,23.187500,22.424999,22.825001,15.133412,446400
2007-11-23,24.275000,24.612499,22.900000,24.275000,16.094791,543600
2007-11-26,23.600000,23.862499,23.580000,23.600000,15.647255,338400
2007-11-27,24.000000,24.162500,23.860001,24.000000,15.912462,848400
2007-11-28,24.174999,24.174999,23.357500,24.174999,16.028486,334000
2007-11-29,23.962500,24.062500,23.799999,23.962500,15.887598,436800
2007-11-30,23.850000,24.037500,23.674999,23.850000,15.813007,570800
2007-12-03,23.212500,23.325001,22.962500,23.212500,15.390335,245600
2007-12-04,23.475000,23.680000,23.387501,23.475000,15.564377,330000
2007-12-05,22.612499,23.575001,22.137501,22.612499,14.992522,919200
2007-12-06,22.575001,22.625000,22.100000,22.575001,14.967664,612000
2007-12-07,22.537500,22.650000,22.360001,22.537500,14.942798,1594400
2007-12-10,22.687500,22.787500,22.637501,22.687500,15.042247,626000
2007-12-11,22.375000,22.799999,22.375000,22.375000,14.835054,222000
2007-12-12,22.549999,22.787500,22.412500,22.549999,14.951084,386400
2007-12-13,21.987499,22.187500,21.825001,21.987499,14.578135,574800
2007-12-14,21.762501,21.937500,21.637501,21.762501,14.428956,979600
2007-12-17,21.375000,21.612499,21.375000,21.375000,14.172036,490400
2007-12-18,21.412500,21.650000,21.325001,21.412500,14.196900,865600
2007-12-19,21.337500,21.520000,21.250000,21.337500,14.147172,1054400
2007-12-20,21.125000,21.340000,21.087500,21.125000,14.006282,547200
2007-12-21,21.125000,21.250000,21.037500,21.125000,14.006282,1491200
2007-12-24,21.125000,21.174999,21.000000,21.125000,14.006282,272400
2007-12-26,21.052500,21.125000,20.985001,21.052500,13.958211,891600
2007-12-27,21.262501,21.520000,21.262501,21.262501,14.097447,444800
2007-12-28,21.562500,21.625000,21.450001,21.562500,14.296353,409200
2007-12-31,21.350000,21.687500,21.344999,21.350000,14.155462,327600
2008-01-02,21.600000,21.625000,21.447500,21.600000,14.321218,417200
2008-01-03,21.525000,21.637501,21.487499,21.525000,14.271488,219600
2008-01-04,21.400000,21.737499,21.275000,21.400000,14.188610,261600
2008-01-07,21.575001,21.825001,21.437500,21.575001,14.304641,193600
2008-01-08,22.725000,22.995001,22.662500,22.725000,15.067113,399600
2008-01-09,23.275000,23.424999,23.195000,23.275000,15.431772,3817600
2008-01-10,23.674999,23.750000,23.325001,23.674999,15.696981,2594000
2008-01-11,23.350000,23.575001,23.350000,23.350000,15.481498,594800
2008-01-14,23.174999,23.412500,23.125000,23.174999,15.365472,918400
2008-01-15,22.700001,22.975000,22.637501,22.700001,15.050538,418800
2008-01-16,22.412500,22.950001,22.299999,22.412500,14.859921,761200
2008-01-17,22.687500,23.075001,22.687500,22.687500,15.042247,690400
2008-01-18,23.025000,23.400000,22.937500,23.025000,15.266018,1624400
2008-01-22,22.400000,22.450001,21.575001,22.400000,14.851629,728800
2008-01-23,22.037500,22.225000,21.325001,22.037500,14.611288,447600
2008-01-24,22.424999,22.462500,22.112499,22.424999,14.868206,1216000
2008-01-25,22.075001,22.412500,21.924999,22.075001,14.636150,509200
2008-01-28,22.125000,22.275000,21.887501,22.125000,14.669299,365600
2008-01-29,21.725000,22.000000,21.500000,21.725000,14.404094,2008800
2008-01-30,22.287500,22.587500,22.100000,22.287500,14.777040,1380400
2008-01-31,22.865000,22.865000,22.262501,22.865000,15.159937,812800
2008-02-01,23.162500,23.225000,22.887501,23.162500,15.357183,1057600
2008-02-04,22.905001,22.975000,22.712500,22.905001,15.186460,1418800
2008-02-05,22.062500,22.905001,22.000000,22.062500,14.627864,653200
2008-02-06,22.225000,22.350000,22.125000,22.225000,14.735602,471200
2008-02-07,21.987499,22.225000,21.825001,21.987499,14.578135,611600
2008-02-08,21.812500,21.812500,21.475000,21.812500,14.462108,863200
2008-02-11,21.812500,21.812500,21.575001,21.812500,14.462108,328400
2008-02-12,21.962500,22.000000,21.737499,21.962500,14.561560,517200
2008-02-13,22.337500,22.420000,22.152500,22.337500,14.810192,272000
2008-02-14,22.200001,22.512501,22.200001,22.200001,14.719028,766800
2008-02-15,22.125000,22.375000,21.962500,22.125000,14.669299,520000
2008-02-19,22.112499,22.337500,21.950001,22.112499,14.661012,557200
2008-02-20,21.862499,22.037500,21.787500,21.862499,14.495257,382400
2008-02-21,22.187500,22.299999,22.049999,22.187500,14.710738,304000
2008-02-22,22.674999,22.799999,22.462500,22.674999,15.033961,218400
2008-02-25,23.587500,23.712500,23.475000,23.587500,15.638965,414400
2008-02-26,24.000000,24.087500,23.549999,24.000000,15.912462,562400
2008-02-27,24.350000,24.549999,24.250000,24.350000,16.144518,349200
2008-02-28,24.612499,24.612499,24.337500,24.612499,16.318560,355600
2008-02-29,24.549999,24.700001,24.325001,24.549999,16.277124,332400
2008-03-03,24.549999,24.750000,24.412500,24.549999,16.277124,222000
2008-03-04,23.700001,23.962500,23.437500,23.700001,16.055428,308800
2008-03-05,23.700001,23.812500,23.450001,23.700001,16.055428,936000
2008-03-06,23.549999,24.045000,23.462500,23.549999,15.953809,502800
2008-03-07,23.500000,23.737499,23.475000,23.500000,15.919941,569200
2008-03-10,23.325001,23.575001,23.325001,23.325001,15.801387,173600
2008-03-11,23.299999,23.635000,23.162500,23.299999,15.784449,948000
2008-03-12,23.325001,23.400000,23.100000,23.325001,15.801387,563200
2008-03-13,23.325001,23.412500,22.850000,23.325001,15.801387,1511600
2008-03-14,23.127501,23.575001,23.012501,23.127501,15.667593,234400
2008-03-17,23.150000,23.500000,22.975000,23.150000,15.682834,334800
2008-03-18,23.337500,23.615000,23.325001,23.337500,15.809854,373600
2008-03-19,22.937500,23.287500,22.887501,22.937500,15.538878,354400
2008-03-20,23.187500,23.275000,22.837500,23.187500,15.708239,427600
2008-03-24,23.137501,23.275000,22.937500,23.137501,15.674369,275600
2008-03-25,23.462500,23.562500,23.100000,23.462500,15.894535,738000
2008-03-26,23.542500,23.637501,23.207500,23.542500,15.948731,317200
2008-03-27,23.762501,23.912500,23.687500,23.762501,16.097771,6183600
2008-03-28,23.600000,23.825001,23.462500,23.600000,15.987686,369200
2008-03-31,23.587500,23.700001,23.174999,23.587500,15.979216,893600
2008-04-01,23.812500,23.812500,23.237499,23.812500,16.131641,263600
2008-04-02,23.837500,23.860001,23.562500,23.837500,16.148577,300800
2008-04-03,23.537500,23.637501,23.437500,23.537500,15.945342,1005600
2008-04-04,23.687500,23.687500,23.375000,23.687500,16.046959,465600
2008-04-07,23.459999,23.549999,23.222500,23.459999,15.892841,738000
2008-04-08,23.137501,23.362499,23.062500,23.137501,15.674369,703200
2008-04-09,22.637501,22.747499,22.387501,22.637501,15.335644,915600
2008-04-10,22.387501,22.575001,22.350000,22.387501,15.166286,188800
2008-04-11,22.225000,22.562500,22.150000,22.225000,15.056199,295600
2008-04-14,21.612499,21.812500,21.500000,21.612499,14.641263,713200
2008-04-15,20.799999,21.625000,20.700001,20.799999,14.090839,868400
2008-04-16,21.500000,21.525000,21.237499,21.500000,14.565053,439600
2008-04-17,20.437500,20.545000,20.250000,20.437500,13.845265,3532800
2008-04-18,20.837500,21.000000,20.687500,20.837500,14.116242,2170000
2008-04-21,21.299999,21.350000,21.162500,21.299999,14.429562,291200
2008-04-22,21.275000,21.375000,21.125000,21.275000,14.412629,526000
2008-04-23,21.087500,21.087500,20.887501,21.087500,14.285606,428800
2008-04-24,21.174999,21.250000,20.975000,21.174999,14.344881,243200
2008-04-25,21.287500,21.400000,21.162500,21.287500,14.421092,303200
2008-04-28,21.299999,21.512501,21.200001,21.299999,14.429562,1014400
2008-04-29,20.937500,21.012501,20.725000,20.937500,14.183990,2896400
2008-04-30,20.812500,20.862499,20.627501,20.812500,14.099308,221200
2008-05-01,20.674999,20.815001,20.587500,20.674999,14.006159,221200
2008-05-02,20.612499,20.650000,20.375000,20.612499,13.963820,563600
2008-05-05,20.587500,20.600000,20.412500,20.587500,13.946882,804800
2008-05-06,20.375000,20.424999,20.049999,20.375000,13.802924,747600
2008-05-07,20.162500,20.362499,20.150000,20.162500,13.658969,3469200
2008-05-08,19.987499,20.150000,19.972500,19.987499,13.540418,5408400
2008-05-09,19.950001,20.167500,19.862499,19.950001,13.515013,3538000
2008-05-12,19.924999,20.000000,19.772499,19.924999,13.498075,1114000
2008-05-13,20.362499,20.487499,20.200001,20.362499,13.794457,1307600
2008-05-14,20.612499,20.862499,20.475000,20.612499,13.963820,424400
2008-05-15,21.150000,21.250000,20.950001,21.150000,14.327947,538400
2008-05-16,21.350000,21.500000,21.162500,21.350000,14.463436,303200
2008-05-19,21.525000,21.712500,21.450001,21.525000,14.581986,136800
2008-05-20,21.575001,21.712500,21.462500,21.575001,14.615860,506000
2008-05-21,21.525000,21.750000,21.500000,21.525000,14.581986,619200
2008-05-22,21.725000,21.750000,21.362499,21.725000,14.717478,309200
2008-05-23,21.275000,21.462500,21.275000,21.275000,14.412629,142400
2008-05-27,21.370001,21.712500,21.312500,21.370001,14.476983,427200
2008-05-28,21.450001,21.552500,21.325001,21.450001,14.531178,4144400
2008-05-29,21.600000,21.612499,21.362499,21.600000,14.632798,252400
2008-05-30,21.687500,21.712500,21.462500,21.687500,14.692071,295200
2008-06-02,22.762501,22.872499,22.362499,22.762501,15.420326,5068000
2008-06-03,22.375000,22.400000,22.250000,22.375000,15.157813,148000
2008-06-04,22.062500,22.125000,21.912500,22.062500,14.946115,198000
2008-06-05,22.325001,22.337500,22.012501,22.325001,15.123945,620400
2008-06-06,22.112499,22.200001,21.962500,22.112499,14.979984,300800
2008-06-09,21.900000,22.225000,21.837500,21.900000,14.836027,158400
2008-06-10,21.447500,21.525000,21.299999,21.447500,14.529487,415600
2008-06-11,21.299999,21.500000,21.225000,21.299999,14.429562,395200
2008-06-12,21.299999,21.424999,21.225000,21.299999,14.429562,364400
2008-06-13,21.212500,21.437500,21.200001,21.212500,14.370286,359600
2008-06-16,21.150000,21.212500,20.987499,21.150000,14.327947,423600
2008-06-17,20.962500,21.225000,20.962500,20.962500,14.200923,319600
2008-06-18,20.987499,21.092501,20.850000,20.987499,14.217862,156400
2008-06-19,21.125000,21.125000,20.900000,21.125000,14.311010,135200
2008-06-20,20.600000,20.975000,20.600000,20.600000,13.955351,162800
2008-06-23,20.600000,20.600000,20.600000,20.600000,13.955351,0
2008-06-24,21.000000,21.212500,20.912500,21.000000,14.226328,490000
2008-06-25,21.187500,21.347500,20.837500,21.187500,14.353348,325200
2008-06-26,21.254999,21.500000,21.254999,21.254999,14.399078,338400
2008-06-27,21.475000,21.562500,21.250000,21.475000,14.548114,204800
2008-06-30,22.385000,22.600000,22.299999,22.385000,15.164590,508000
2008-07-01,22.350000,22.424999,22.137501,22.350000,15.140876,1002400
2008-07-02,22.424999,22.750000,22.375000,22.424999,15.191688,5169600
2008-07-03,22.174999,22.637501,22.075001,22.174999,15.022326,5482000
2008-07-07,21.625000,21.799999,21.500000,21.625000,14.649733,246000
2008-07-08,21.825001,22.049999,21.687500,21.825001,14.785221,7336000
2008-07-09,22.000000,22.337500,21.969999,22.000000,14.903773,7407600
2008-07-10,22.650000,22.737499,22.352501,22.650000,15.344112,3516800
2008-07-11,22.125000,22.500000,22.037500,22.125000,14.988453,158800
2008-07-14,22.200001,22.475000,22.187500,22.200001,15.039264,418800
2008-07-15,22.762501,22.924999,22.487499,22.762501,15.420326,366000
2008-07-16,22.174999,22.362499,22.112499,22.174999,15.022326,364000
2008-07-17,21.737499,22.000000,21.674999,21.737499,14.725945,873200
2008-07-18,22.025000,22.049999,21.799999,22.025000,14.920708,177600
2008-07-21,20.732500,21.025000,20.687500,20.732500,14.045114,373600
2008-07-22,21.487499,21.752501,21.362499,21.487499,14.556582,296400
2008-07-23,21.450001,21.687500,21.450001,21.450001,14.531178,1956000
2008-07-24,21.912500,22.162500,21.912500,21.912500,14.844498,179600
2008-07-25,22.687500,22.750000,22.087500,22.687500,15.369517,370800
2008-07-28,22.375000,22.637501,22.375000,22.375000,15.157813,209200
2008-07-29,22.299999,22.700001,22.187500,22.299999,15.107006,270000
2008-07-30,22.525000,22.635000,22.437500,22.525000,15.259431,484400
2008-07-31,23.072500,23.187500,23.025000,23.072500,15.630332,399600
2008-08-01,22.887501,23.174999,22.862499,22.887501,15.505007,306800
2008-08-04,23.147499,23.299999,23.062500,23.147499,15.681139,161200
2008-08-05,23.275000,23.352501,22.932501,23.275000,15.767515,210000
2008-08-06,22.612499,22.650000,22.465000,22.612499,15.318707,563200
2008-08-07,21.825001,22.612499,21.825001,21.825001,14.785221,478400
2008-08-08,21.875000,22.077499,21.850000,21.875000,14.819092,1092800
2008-08-11,21.365000,21.625000,21.362499,21.365000,14.473597,175200
2008-08-12,21.200001,21.370001,21.200001,21.200001,14.361817,251600
2008-08-13,21.612499,21.775000,21.362499,21.612499,14.641263,282800
2008-08-14,21.432501,21.730000,21.375000,21.432501,14.519323,263600
2008-08-15,21.612499,21.612499,21.450001,21.612499,14.641263,204400
2008-08-18,21.012501,21.450001,20.762501,21.012501,14.234800,242800
2008-08-19,21.325001,21.455000,21.237499,21.325001,14.446498,180800
2008-08-20,20.950001,21.195000,20.897499,20.950001,14.192453,495200
2008-08-21,20.975000,21.049999,20.875000,20.975000,14.209393,526000
2008-08-22,20.875000,20.975000,20.742500,20.875000,14.141651,154000
2008-08-25,20.592501,20.924999,20.590000,20.592501,13.950273,377600
2008-08-26,20.712500,20.875000,20.662500,20.712500,14.031563,130400
2008-08-27,20.837500,20.950001,20.737499,20.837500,14.116242,526400
2008-08-28,21.212500,21.375000,21.052500,21.212500,14.370286,311600
2008-08-29,20.950001,21.275000,20.950001,20.950001,14.192453,124000
2008-09-02,21.207500,21.287500,21.100000,21.207500,14.366898,411600
2008-09-03,21.122499,21.180000,21.017500,21.122499,14.309315,178800
2008-09-04,20.612499,21.162500,20.565001,20.612499,13.963820,495200
2008-09-05,20.562500,20.837500,20.487499,20.562500,13.929949,304800
2008-09-08,20.517500,20.750000,20.389999,20.517500,13.899462,152400
2008-09-09,20.287500,20.625000,20.287500,20.287500,13.743649,482000
2008-09-10,20.820000,20.987499,20.712500,20.820000,14.104387,266800
2008-09-11,20.700001,20.750000,20.562500,20.700001,14.023096,373600
2008-09-12,21.062500,21.100000,20.625000,21.062500,14.268669,211600
2008-09-15,20.795000,21.000000,20.549999,20.795000,14.087452,1576800
2008-09-16,20.102501,20.652500,19.897499,20.102501,13.618322,488400
2008-09-17,20.142500,20.637501,19.862499,20.142500,13.645421,1148400
2008-09-18,20.565001,20.950001,20.500000,20.565001,13.931641,848800
2008-09-19,20.475000,20.475000,19.875000,20.475000,13.870670,634000
2008-09-22,20.150000,20.450001,20.012501,20.150000,13.650501,446000
2008-09-23,20.575001,20.987499,13.387500,20.575001,13.938416,1112800
2008-09-24,19.975000,20.362499,19.842501,19.975000,13.531947,357600
2008-09-25,20.275000,20.674999,20.250000,20.275000,13.735182,296000
2008-09-26,20.049999,20.375000,19.937500,20.049999,13.582757,622000
2008-09-29,18.625000,19.787500,18.500000,18.625000,12.617397,336800
2008-09-30,19.325001,19.750000,19.172501,19.325001,13.091609,395600
2008-10-01,19.937500,19.987499,19.700001,19.937500,13.506544,538800
2008-10-02,19.475000,19.825001,19.469999,19.475000,13.193228,2440800
2008-10-03,19.549999,20.084999,19.424999,19.549999,13.244034,429200
2008-10-06,18.062500,19.387501,17.937500,18.062500,12.236337,912800
2008-10-07,18.325001,19.350000,18.312500,18.325001,12.414166,834000
2008-10-08,18.125000,18.662500,17.950001,18.125000,12.278679,1539200
2008-10-09,16.522499,18.100000,16.275000,16.522499,11.193072,1390400
2008-10-10,16.312500,16.924999,15.520000,16.312500,11.050809,1402000
2008-10-13,18.232500,18.232500,16.832500,18.232500,12.351501,966400
2008-10-14,17.537500,18.475000,17.437500,17.537500,11.880679,1117600
2008-10-15,17.162500,18.450001,17.162500,17.162500,11.626637,1527600
2008-10-16,17.875000,18.122499,17.162500,17.875000,12.109316,920000
2008-10-17,19.250000,19.825001,18.587500,19.250000,13.040801,729200
2008-10-20,19.915001,19.915001,19.212500,19.915001,13.491304,742800
2008-10-21,18.400000,18.885000,18.062500,18.400000,12.464973,1593600
2008-10-22,17.725000,18.275000,17.350000,17.725000,12.007702,3711200
2008-10-23,18.137501,18.512501,17.507500,18.137501,12.287146,2049600
2008-10-24,17.747499,18.137501,16.900000,17.747499,12.022940,1316000
2008-10-27,17.437500,18.049999,17.375000,17.450001,11.821404,406000
2008-10-28,18.012501,18.450001,17.250000,18.162500,12.304080,1842400
2008-10-29,18.250000,18.912500,18.059999,18.125000,12.278679,758800
2008-10-30,18.512501,18.512501,17.250000,17.625000,11.939954,2572400
2008-10-31,17.937500,19.187500,17.924999,18.950001,12.837570,615600
2008-11-03,18.662500,19.062500,18.625000,18.862499,12.778291,214000
2008-11-04,19.225000,19.387501,18.915001,19.350000,13.108545,542800
2008-11-05,18.325001,18.535000,17.600000,17.600000,11.923018,383200
2008-11-06,18.150000,18.299999,17.212500,17.212500,11.660509,494000
2008-11-07,17.987499,18.387501,17.975000,18.037500,12.219400,322000
2008-11-10,18.287500,18.405001,17.639999,17.725000,12.007702,656400
2008-11-11,17.762501,17.985001,17.500000,17.575001,11.906083,632400
2008-11-12,17.750000,17.812500,17.350000,17.350000,11.753658,801200
2008-11-13,17.600000,18.412500,17.375000,18.412500,12.473440,776400
2008-11-14,17.987499,18.795000,17.987499,18.350000,12.431102,571600
2008-11-17,17.775000,17.875000,17.424999,17.424999,11.804464,398000
2008-11-18,17.662500,18.000000,17.365000,17.750000,12.024636,518000
2008-11-19,17.312500,17.462500,16.735001,16.735001,11.337031,577600
2008-11-20,16.100000,16.200001,15.210000,15.210000,10.303926,841600
2008-11-21,15.350000,15.837500,14.877500,15.662500,10.610471,1353200
2008-11-24,16.262501,17.250000,16.250000,16.865000,11.425097,3285200
2008-11-25,16.892500,17.280001,16.850000,17.125000,11.601233,6192000
2008-11-26,16.674999,17.187500,16.387501,17.112499,11.592765,3547200
2008-11-28,17.292500,17.537500,17.237499,17.424999,11.804464,308000
2008-12-01,17.250000,17.325001,16.674999,16.750000,11.347191,588000
2008-12-02,16.712500,17.150000,16.587500,16.962500,11.491148,1047600
2008-12-03,16.674999,17.480000,16.597500,17.480000,11.841725,2818800
2008-12-04,16.820000,17.225000,16.762501,16.977501,11.501311,649200
2008-12-05,16.937500,17.187500,16.575001,17.037500,11.541957,1730000
2008-12-08,17.375000,17.662500,17.237499,17.450001,11.821404,825200
2008-12-09,17.572500,17.785000,17.312500,17.312500,11.728255,702800
2008-12-10,17.545000,17.650000,17.302500,17.412500,11.795998,1443200
2008-12-11,17.292500,17.687500,17.192499,17.412500,11.795998,2302400
2008-12-12,17.462500,18.037500,17.387501,17.912500,12.134721,772000
2008-12-15,17.737499,17.762501,17.275000,17.487499,11.846805,628400
2008-12-16,17.684999,18.582500,17.562500,18.582500,12.588607,1848800
2008-12-17,18.375000,18.725000,18.212500,18.587500,12.591995,1012800
2008-12-18,19.187500,19.250000,18.155001,18.160000,12.302387,792800
2008-12-19,18.135000,18.174999,17.825001,17.912500,12.134721,1453600
2008-12-22,18.612499,19.059999,18.379999,18.450001,12.498848,1057200
2008-12-23,18.700001,18.780001,18.275000,18.312500,12.405697,3004400
2008-12-24,18.350000,19.000000,17.625000,18.377501,12.449733,381600
2008-12-26,18.400000,18.674999,18.400000,18.622499,12.615705,344800
2008-12-29,19.700001,19.700001,19.125000,19.262501,13.049270,492000
2008-12-30,19.462500,19.557501,19.049999,19.250000,13.040801,497600
2008-12-31,19.022499,19.262501,19.000000,19.137501,12.964589,1206800
2009-01-02,19.150000,19.237499,18.937500,19.025000,12.888376,266000
2009-01-05,18.862499,19.160000,18.857500,18.962500,12.846036,524400
2009-01-06,19.215000,19.299999,18.900000,19.037500,12.896846,632000
2009-01-07,19.502501,19.502501,19.105000,19.112499,12.947653,1723200
2009-01-08,19.462500,19.805000,19.344999,19.805000,13.416784,1068800
2009-01-09,19.250000,19.400000,19.025000,19.200001,13.006928,254800
2009-01-12,18.900000,18.900000,18.540001,18.565001,12.576754,547600
2009-01-13,18.565001,18.900000,18.510000,18.879999,12.790148,968000
2009-01-14,18.900000,19.094999,18.715000,19.049999,12.905313,2640000
2009-01-15,18.924999,19.340000,18.635000,19.150000,12.973058,2692400
2009-01-16,18.975000,19.125000,18.525000,18.844999,12.766435,455800
2009-01-20,18.799999,18.915001,18.375000,18.375000,12.448038,787000
2009-01-21,18.605000,18.725000,18.325001,18.674999,12.651269,444400
2009-01-22,18.270000,18.465000,18.155001,18.375000,12.448038,679800
2009-01-23,18.000000,18.434999,17.875000,18.424999,12.481911,1157000
2009-01-26,18.620001,18.715000,18.469999,18.525000,12.549656,655800
2009-01-27,18.334999,18.495001,18.190001,18.209999,12.336258,401800
2009-01-28,18.010000,18.094999,17.840000,18.000000,12.193997,971000
2009-01-29,17.750000,17.750000,17.219999,17.240000,11.679138,1895400
2009-01-30,17.540001,17.639999,17.264999,17.555000,11.892533,819000
2009-02-02,17.445000,17.719999,17.375000,17.625000,11.939954,1039400
2009-02-03,17.750000,17.920000,17.405001,17.850000,12.092381,435800
2009-02-04,15.805000,16.010000,15.675000,15.725000,10.652810,2159600
2009-02-05,15.500000,15.750000,15.250000,15.525000,10.517322,655600
2009-02-06,15.400000,15.655000,15.300000,15.600000,10.568130,3491600
2009-02-09,16.120001,16.174999,15.875000,15.935000,10.795074,523800
2009-02-10,15.930000,16.150000,15.645000,15.700000,10.635875,451400
2009-02-11,15.860000,16.059999,15.845000,15.925000,10.788301,663000
2009-02-12,15.910000,16.100000,15.740000,16.049999,10.872979,503400
2009-02-13,15.900000,16.125000,15.845000,15.950000,10.805237,343800
2009-02-17,15.525000,15.605000,15.350000,15.470000,10.480063,493600
2009-02-18,15.615000,15.645000,15.450000,15.545000,10.530870,987400
2009-02-19,15.465000,15.515000,15.230000,15.325000,10.381833,670800
2009-02-20,14.925000,15.280000,14.880000,15.185000,10.286990,1073400
2009-02-23,15.590000,15.630000,15.050000,15.050000,10.195537,508800
2009-02-24,14.975000,15.100000,14.635000,14.925000,10.110856,2462000
2009-02-25,14.295000,14.355000,14.125000,14.200000,9.619707,708800
2009-02-26,14.250000,14.300000,13.875000,13.885000,9.406312,626800
2009-02-27,14.035000,14.250000,13.925000,14.025000,9.501156,1857400
2009-03-02,13.585000,13.585000,13.005000,13.050000,8.840648,1774200
2009-03-03,13.810000,13.895000,13.390000,13.445000,9.108239,1584000
2009-03-04,13.200000,13.760000,13.050000,13.585000,9.203081,1836400
2009-03-05,14.070000,14.200000,13.865000,13.910000,9.423249,509000
2009-03-06,14.180000,14.235000,13.750000,13.850000,9.382604,1314400
2009-03-09,14.075000,14.380000,14.070000,14.315000,9.697614,1060200
2009-03-10,14.800000,15.545000,14.800000,15.175000,10.280216,631000
2009-03-11,15.300000,15.395000,14.875000,15.325000,10.757917,3847200
2009-03-12,15.125000,15.225000,14.930000,15.195000,10.666658,1428000
2009-03-13,15.235000,15.470000,15.095000,15.400000,10.810566,1077200
2009-03-16,15.235000,15.675000,15.190000,15.525000,10.898314,4286200
2009-03-17,15.375000,15.720000,15.335000,15.665000,10.996593,2218800
2009-03-18,15.520000,16.049999,15.435000,16.025000,11.249306,9984800
2009-03-19,16.174999,16.275000,16.010000,16.045000,11.263346,882800
2009-03-20,16.200001,16.275000,15.850000,15.975000,11.214209,788800
2009-03-23,15.975000,16.600000,15.900000,16.600000,11.652948,3430800
2009-03-24,16.379999,16.575001,16.250000,16.250000,11.407252,1446000
2009-03-25,16.325001,16.725000,16.325001,16.549999,11.617848,672200
2009-03-26,16.305000,16.375000,16.000000,16.245001,11.403745,359400
2009-03-27,16.150000,16.540001,16.125000,16.450001,11.547651,2128400
2009-03-30,16.424999,16.674999,16.309999,16.530001,11.603810,1382400
2009-03-31,16.840000,17.309999,16.799999,17.200001,12.074139,2272800
2009-04-01,16.775000,17.180000,16.645000,17.180000,12.060100,464000
2009-04-02,17.450001,17.725000,17.325001,17.525000,12.302283,1767200
2009-04-03,16.889999,16.950001,16.575001,16.950001,11.898643,448400
2009-04-06,16.639999,16.830000,16.555000,16.705000,11.726657,1559800
2009-04-07,16.740000,16.799999,16.459999,16.650000,11.688047,910600
2009-04-08,16.475000,16.600000,16.254999,16.395000,11.509041,452800
2009-04-09,16.475000,16.600000,16.275000,16.424999,11.530100,791800
2009-04-13,16.424999,16.830000,16.424999,16.815001,11.803875,597000
2009-04-14,16.260000,16.420000,16.184999,16.410000,11.519571,1111400
2009-04-15,16.325001,16.475000,16.250000,16.400000,11.512550,923600
2009-04-16,16.549999,16.770000,16.440001,16.655001,11.691557,585600
2009-04-17,16.400000,16.549999,16.260000,16.385000,11.502022,209200
2009-04-20,16.325001,16.350000,16.094999,16.094999,11.298445,800400
2009-04-21,16.334999,16.500000,16.264999,16.424999,11.530100,306200
2009-04-22,14.925000,15.050000,14.655000,14.770000,10.368316,5537000
2009-04-23,14.100000,14.960000,14.020000,14.960000,10.501693,5069400
2009-04-24,15.145000,15.370000,15.060000,15.200000,10.670168,1254800
2009-04-27,15.900000,16.500000,15.640000,15.860000,11.133479,4660000
2009-04-28,15.965000,16.000000,15.825000,15.950000,11.196658,2803000
2009-04-29,16.049999,16.055000,15.815000,15.850000,11.126460,3467000
2009-04-30,16.000000,16.030001,15.690000,15.815000,11.101890,2644600
2009-05-01,15.825000,16.000000,15.775000,15.840000,11.119441,1116000
2009-05-04,15.715000,16.025000,15.680000,15.930000,11.182618,1658000
2009-05-05,15.895000,15.950000,15.695000,15.745000,11.052752,724800
2009-05-06,15.975000,16.035000,15.765000,15.905000,11.165069,675200
2009-05-07,15.825000,15.910000,15.750000,15.785000,11.080831,601200
2009-05-08,15.850000,16.030001,15.720000,15.955000,11.200168,1802400
2009-05-11,15.750000,15.890000,15.730000,15.735000,11.045730,436600
2009-05-12,15.865000,16.070000,15.785000,15.835000,11.115929,845200
2009-05-13,16.295000,16.490000,16.195000,16.205000,11.375663,422400
2009-05-14,16.320000,16.600000,16.285000,16.510000,11.589771,893600
2009-05-15,16.350000,16.450001,16.070000,16.125000,11.319505,354000
2009-05-18,16.170000,16.475000,16.165001,16.475000,11.565199,270800
2009-05-19,16.270000,16.424999,16.215000,16.275000,11.424802,1218600
2009-05-20,16.275000,16.500000,16.275000,16.400000,11.512550,508600
2009-05-21,16.400000,16.400000,16.139999,16.299999,11.442352,641800
2009-05-22,16.575001,16.700001,16.575001,16.625000,11.670498,668000
2009-05-26,16.625000,16.799999,16.580000,16.730000,11.744205,450000
2009-05-27,16.730000,16.730000,16.389999,16.475000,11.565199,416200
2009-05-28,16.575001,16.674999,16.500000,16.549999,11.617848,406600
2009-05-29,16.975000,17.120001,16.905001,17.120001,12.017982,1543000
2009-06-01,17.125000,17.465000,17.125000,17.334999,12.168905,850800
2009-06-02,16.725000,16.885000,16.655001,16.775000,11.775795,1066000
2009-06-03,16.545000,16.615000,16.475000,16.565001,11.628379,543200
2009-06-04,16.600000,16.725000,16.549999,16.570000,11.631888,385200
2009-06-05,16.525000,16.565001,16.225000,16.375000,11.495002,302400
2009-06-08,16.325001,16.424999,16.174999,16.400000,11.512550,586600
2009-06-09,16.350000,16.530001,16.174999,16.510000,11.589771,422600
2009-06-10,16.575001,17.000000,16.375000,16.434999,11.537120,2277800
2009-06-11,16.825001,17.125000,16.825001,17.004999,11.937250,2204600
2009-06-12,16.934999,17.150000,16.879999,16.980000,11.919702,1217000
2009-06-15,16.670000,16.670000,16.430000,16.549999,11.617848,649400
2009-06-16,16.610001,17.700001,16.420000,16.450001,11.547651,1107000
2009-06-17,16.375000,16.680000,16.375000,16.635000,11.677517,2585200
2009-06-18,16.600000,16.754999,16.565001,16.635000,11.677517,396600
2009-06-19,16.700001,16.940001,16.700001,16.834999,11.817913,861600
2009-06-22,16.549999,16.549999,16.430000,16.495001,11.579239,353400
2009-06-23,16.910000,16.975000,16.760000,16.924999,11.881092,274600
2009-06-24,16.725000,16.820000,16.465000,16.514999,11.593279,775200
2009-06-25,16.290001,16.650000,16.290001,16.594999,11.649437,420800
2009-06-26,16.799999,17.045000,16.795000,17.010000,11.940762,374600
2009-06-29,17.065001,17.245001,17.030001,17.125000,12.021491,539200
2009-06-30,17.225000,17.264999,16.930000,17.055000,11.972353,357600
2009-07-01,17.315001,17.469999,17.150000,17.415001,12.225068,207800
2009-07-02,17.174999,17.285000,16.940001,17.020000,11.947781,599000
2009-07-06,17.059999,17.365000,17.030001,17.309999,12.151357,464600
2009-07-07,17.150000,17.184999,16.940001,16.950001,11.898643,574400
2009-07-08,17.240000,17.400000,17.125000,17.209999,12.081158,611800
2009-07-09,17.285000,17.344999,17.200001,17.275000,12.126787,505600
2009-07-10,16.715000,16.815001,16.674999,16.725000,11.740697,512200
2009-07-13,16.690001,16.900000,16.660000,16.885000,11.853013,290000
2009-07-14,16.959999,17.000000,16.775000,16.865000,11.838973,338000
2009-07-15,17.160000,17.240000,17.035000,17.200001,12.074139,202400
2009-07-16,17.420000,17.615000,17.400000,17.559999,12.326853,511400
2009-07-17,17.445000,17.570000,17.415001,17.500000,12.284736,328000
2009-07-20,17.750000,17.844999,17.625000,17.809999,12.502350,432000
2009-07-21,18.035000,18.049999,17.809999,17.900000,12.565527,493600
2009-07-22,18.025000,18.200001,17.965000,18.084999,12.695396,460000
2009-07-23,18.450001,18.700001,18.424999,18.549999,13.021816,764600
2009-07-24,18.750000,18.969999,18.705000,18.969999,13.316651,591400
2009-07-27,19.150000,19.305000,19.075001,19.305000,13.551818,705600
2009-07-28,19.424999,19.495001,19.275000,19.475000,13.671155,779000
2009-07-29,19.400000,19.400000,19.150000,19.275000,13.530758,712000
2009-07-30,19.200001,19.340000,19.000000,19.100000,13.407910,574800
2009-07-31,19.375000,19.750000,19.299999,19.670000,13.808041,493800
2009-08-03,19.475000,19.695000,19.395000,19.570000,13.737842,338000
2009-08-04,19.424999,19.575001,19.410000,19.495001,13.685196,628200
2009-08-05,19.420000,19.420000,19.180000,19.270000,13.527248,1384200
2009-08-06,19.424999,19.490000,19.209999,19.350000,13.583406,414400
2009-08-07,19.375000,19.500000,19.330000,19.424999,13.636055,1044800
2009-08-10,19.275000,19.275000,19.075001,19.125000,13.425461,336800
2009-08-11,19.125000,19.205000,19.040001,19.150000,13.443010,389000
2009-08-12,19.225000,19.375000,19.174999,19.275000,13.530758,241800
2009-08-13,19.360001,19.490000,19.305000,19.465000,13.664135,654000
2009-08-14,19.420000,19.475000,19.315001,19.424999,13.636055,306400
2009-08-17,19.000000,19.375000,18.910000,19.075001,13.390359,254400
2009-08-18,19.065001,19.330000,19.065001,19.309999,13.555326,456600
2009-08-19,19.275000,19.840000,19.275000,19.780001,13.885260,2441000
2009-08-20,19.655001,19.830000,19.570000,19.809999,13.906319,393600
2009-08-21,19.875000,20.000000,19.780001,19.965000,14.015127,534200
2009-08-24,19.680000,19.805000,19.650000,19.730000,13.850160,338800
2009-08-25,20.025000,20.065001,19.830000,19.875000,13.951949,447600
2009-08-26,19.705000,19.740000,19.600000,19.660000,13.801023,227200
2009-08-27,19.745001,20.120001,19.674999,20.000000,14.039695,517200
2009-08-28,20.125000,20.160000,19.785000,19.850000,13.934401,301000
2009-08-31,19.875000,19.980000,19.830000,19.920000,13.983539,521400
2009-09-01,19.799999,19.940001,19.475000,19.559999,13.730821,901000
2009-09-02,19.379999,19.750000,19.330000,19.684999,13.818571,233200
2009-09-03,19.450001,19.500000,19.225000,19.334999,13.572875,506600
2009-09-04,19.264999,19.674999,19.250000,19.605000,13.762412,484000
2009-09-08,19.775000,19.875000,19.580000,19.875000,13.951949,982400
2009-09-09,19.754999,19.860001,19.645000,19.805000,13.902811,1932200
2009-09-10,19.700001,20.084999,19.605000,20.080000,14.095856,1722800
2009-09-11,19.930000,19.930000,19.795000,19.820000,13.913342,273200
2009-09-14,19.900000,20.080000,19.879999,20.080000,14.095856,482800
2009-09-15,19.799999,19.924999,19.709999,19.885000,13.958969,625800
2009-09-16,20.115000,20.299999,19.879999,20.254999,14.218701,1013400
2009-09-17,20.174999,20.219999,20.065001,20.110001,14.116915,209200
2009-09-18,20.475000,20.559999,20.400000,20.475000,14.373139,421800
2009-09-21,20.260000,20.485001,20.200001,20.434999,14.345059,500800
2009-09-22,20.955000,21.040001,20.825001,20.850000,14.636387,362200
2009-09-23,20.924999,20.924999,20.485001,20.525000,14.408237,1119400
2009-09-24,20.500000,20.600000,20.209999,20.350000,14.285391,470800
2009-09-25,20.084999,20.389999,20.025000,20.090000,14.102876,4654200
2009-09-28,20.200001,20.535000,20.200001,20.325001,14.267844,679600
2009-09-29,20.299999,20.434999,20.235001,20.375000,14.302938,355000
2009-09-30,20.424999,20.424999,20.055000,20.299999,14.250291,512800
2009-10-01,20.035000,20.090000,19.889999,19.950001,14.004598,1389000
2009-10-02,19.700001,20.020000,19.700001,19.955000,14.008106,2448600
2009-10-05,19.920000,20.055000,19.875000,19.969999,14.018637,1149000
2009-10-06,20.080000,20.315001,20.080000,20.225000,14.197643,714000
2009-10-07,20.125000,20.299999,20.125000,20.264999,14.225721,541600
2009-10-08,20.250000,20.344999,20.160000,20.250000,14.215193,310000
2009-10-09,20.094999,20.120001,20.000000,20.105000,14.113403,390000
2009-10-12,20.615000,20.665001,20.495001,20.525000,14.408237,277000
2009-10-13,20.485001,20.549999,20.350000,20.360001,14.292409,743000
2009-10-14,20.700001,21.004999,20.700001,21.000000,14.741680,333800
2009-10-15,20.125000,20.254999,20.070000,20.254999,14.218701,527800
2009-10-16,20.049999,20.094999,19.785000,19.920000,13.983539,965400
2009-10-19,20.230000,20.370001,20.230000,20.325001,14.267844,610600
2009-10-20,20.145000,20.190001,19.934999,20.035000,14.064265,294600
2009-10-21,20.049999,20.250000,20.020000,20.025000,14.057245,648000
2009-10-22,20.049999,20.285000,20.004999,20.225000,14.197643,315800
2009-10-23,20.260000,20.275000,19.920000,19.924999,13.987047,393200
2009-10-26,20.120001,20.215000,19.700001,19.780001,13.885260,900600
2009-10-27,20.000000,20.100000,19.959999,20.049999,14.074795,2419200
2009-10-28,20.275000,20.275000,19.830000,19.844999,13.930889,632000
2009-10-29,19.924999,20.299999,19.924999,20.219999,14.194134,612400
2009-10-30,20.275000,20.375000,19.775000,19.950001,14.004598,381800
2009-11-02,19.750000,20.000000,19.700001,19.850000,13.934401,517200
2009-11-03,19.575001,19.695000,19.535000,19.620001,13.772943,972600
2009-11-04,19.575001,19.795000,19.565001,19.600000,13.758902,339600
2009-11-05,19.799999,19.879999,19.695000,19.754999,13.867708,801200
2009-11-06,19.650000,19.770000,19.549999,19.715000,13.839630,4040000
2009-11-09,20.184999,20.295000,19.799999,20.174999,14.162542,534600
2009-11-10,20.125000,20.219999,20.059999,20.219999,14.194134,749600
2009-11-11,20.275000,20.280001,20.035000,20.125000,14.127442,353600
2009-11-12,19.924999,20.049999,19.775000,19.799999,13.899300,388600
2009-11-13,19.775000,19.950001,19.650000,19.889999,13.962478,322400
2009-11-16,20.100000,20.230000,20.000000,20.150000,14.144995,278600
2009-11-17,19.825001,19.950001,19.770000,19.950001,14.004598,329600
2009-11-18,20.190001,20.250000,20.020000,20.125000,14.127442,537600
2009-11-19,19.820000,19.924999,19.690001,19.860001,13.941421,617200
2009-11-20,19.790001,20.094999,19.790001,20.049999,14.074795,527000
2009-11-23,20.455000,20.635000,20.450001,20.480000,14.376649,2248000
2009-11-24,20.735001,20.809999,20.629999,20.725000,14.548636,951400
2009-11-25,21.004999,21.150000,20.905001,21.145000,14.843470,4404200
2009-11-27,20.375000,20.764999,20.295000,20.730000,14.552144,258400
2009-11-30,20.424999,20.570000,20.344999,20.459999,14.362608,603800
2009-12-01,20.700001,20.770000,20.629999,20.700001,14.531085,2500000
2009-12-02,20.879999,20.900000,20.639999,20.715000,14.541615,526400
2009-12-03,20.975000,21.040001,20.900000,20.924999,14.689033,1360600
2009-12-04,21.020000,21.020000,20.639999,20.709999,14.538105,2327600
2009-12-07,20.674999,20.780001,20.629999,20.680000,14.517047,775600
2009-12-08,20.500000,20.500000,20.320000,20.400000,14.320489,354800
2009-12-09,20.375000,20.475000,20.290001,20.424999,14.338040,882800
2009-12-10,20.549999,20.600000,20.450001,20.500000,14.390688,259400
2009-12-11,20.455000,20.475000,20.330000,20.375000,14.302938,749600
2009-12-14,20.350000,20.549999,20.350000,20.500000,14.390688,867600
2009-12-15,20.309999,20.434999,20.290001,20.424999,14.338040,253000
2009-12-16,20.735001,21.090000,20.735001,20.915001,14.682016,555400
2009-12-17,20.950001,21.000000,20.754999,20.830000,14.622344,474400
2009-12-18,21.004999,21.125000,20.830000,20.975000,14.724132,347800
2009-12-21,21.100000,21.125000,20.924999,20.950001,14.706580,329400
2009-12-22,21.285000,21.389999,21.200001,21.350000,14.987377,660200
2009-12-23,21.410000,21.475000,21.305000,21.400000,15.022473,301800
2009-12-24,21.400000,21.650000,21.375000,21.600000,15.162874,571800
2009-12-28,21.549999,21.549999,21.424999,21.440001,15.050555,365600
2009-12-29,21.500000,21.584999,21.420000,21.549999,15.127771,312000
2009-12-30,21.350000,21.350000,21.000000,21.150000,14.846978,1148000
2009-12-31,21.325001,21.850000,21.090000,21.100000,14.811880,149200
2010-01-04,21.750000,22.004999,21.700001,21.950001,15.408565,621600
2010-01-05,21.545000,21.650000,21.455000,21.620001,15.176913,712800
2010-01-06,21.700001,21.889999,21.650000,21.809999,15.310286,768400
2010-01-07,21.440001,21.665001,21.400000,21.545000,15.124264,882000
2010-01-08,21.725000,21.844999,21.549999,21.844999,15.334856,628000
2010-01-11,22.000000,22.100000,21.950001,22.090000,15.506845,371200
2010-01-12,21.725000,21.969999,21.680000,21.775000,15.285718,384200
2010-01-13,22.100000,22.150000,21.910000,22.004999,15.447175,393400
2010-01-14,22.205000,22.504999,22.150000,22.440001,15.752541,374200
2010-01-15,22.500000,22.594999,22.365000,22.480000,15.780618,596000
2010-01-19,22.190001,22.575001,22.100000,22.575001,15.847310,1214000
2010-01-20,22.325001,22.434999,22.100000,22.325001,15.671814,2316200
2010-01-21,22.275000,22.420000,22.145000,22.334999,15.678831,1244600
2010-01-22,22.100000,22.250000,22.000000,22.025000,15.461213,1569200
2010-01-25,21.959999,21.995001,21.760000,21.775000,15.285718,748400
2010-01-26,21.790001,22.045000,21.770000,21.955000,15.412078,959600
2010-01-27,21.764999,21.900000,21.700001,21.900000,15.373467,370800
2010-01-28,21.629999,21.629999,21.375000,21.525000,15.110224,423200
2010-01-29,21.375000,21.395000,20.940001,20.975000,14.724132,517000
2010-02-01,21.110001,21.285000,21.080000,21.280001,14.938237,630600
2010-02-02,21.299999,21.495001,21.275000,21.495001,15.089165,329800
2010-02-03,20.930000,21.275000,20.924999,21.275000,14.934730,4498000
2010-02-04,20.775000,20.850000,20.490000,20.490000,14.383670,532200
2010-02-05,20.000000,20.070000,19.575001,19.825001,13.916851,968400
2010-02-08,20.299999,20.650000,20.225000,20.465000,14.366117,279000
2010-02-09,20.575001,20.840000,20.575001,20.750000,14.566185,631400
2010-02-10,20.540001,20.610001,20.334999,20.525000,14.408237,494000
2010-02-11,20.725000,20.975000,20.530001,20.900000,14.671486,266800
2010-02-12,20.790001,20.795000,20.584999,20.750000,14.566185,279800
2010-02-16,20.690001,21.049999,20.625000,20.975000,14.724132,707000
2010-02-17,21.000000,21.100000,20.990000,21.084999,14.801351,328800
2010-02-18,21.075001,21.215000,21.075001,21.200001,14.882078,252000
2010-02-19,21.165001,21.315001,21.090000,21.225000,14.899630,1721000
2010-02-22,21.225000,21.280001,21.025000,21.115000,14.822410,1109000
2010-02-23,20.825001,20.825001,20.600000,20.650000,14.495986,371400
2010-02-24,20.750000,20.850000,20.684999,20.764999,14.576713,219000
2010-02-25,20.450001,20.785000,20.400000,20.780001,14.587243,354200
2010-02-26,20.775000,20.975000,20.700001,20.855000,14.639894,911200
2010-03-01,20.920000,21.075001,20.860001,21.025000,14.759231,255400
2010-03-02,21.400000,21.510000,21.340000,21.495001,15.089165,475000
2010-03-03,21.549999,21.830000,21.525000,21.764999,15.278697,743600
2010-03-04,20.950001,21.025000,20.825001,20.924999,15.174634,395600
2010-03-05,20.855000,21.125000,20.855000,21.105000,15.305170,314600
2010-03-08,21.035000,21.150000,21.025000,21.100000,15.301542,584200
2010-03-09,21.059999,21.100000,20.924999,20.950001,15.192763,554400
2010-03-10,20.875000,21.020000,20.775000,20.809999,15.091236,676800
2010-03-11,20.825001,20.900000,20.799999,20.860001,15.127496,1256400
2010-03-12,20.575001,20.600000,20.400000,20.415001,14.804789,621400
2010-03-15,20.580000,20.625000,20.455000,20.625000,14.957077,1137400
2010-03-16,20.639999,20.750000,20.594999,20.680000,14.996963,821400
2010-03-17,20.625000,20.740000,20.605000,20.650000,14.975208,441400
2010-03-18,20.625000,20.735001,20.459999,20.725000,15.029597,451800
2010-03-19,20.780001,20.815001,20.650000,20.680000,14.996963,741000
2010-03-22,20.500000,20.725000,20.475000,20.660000,14.982460,465400
2010-03-23,20.650000,20.690001,20.575001,20.639999,14.967954,386400
2010-03-24,20.330000,20.379999,20.209999,20.209999,14.656120,632600
2010-03-25,20.325001,20.325001,20.035000,20.035000,14.529215,590600
2010-03-26,20.075001,20.305000,19.815001,19.865000,14.405933,624000
2010-03-29,19.985001,20.115000,19.985001,20.105000,14.579976,276000
2010-03-30,20.139999,20.145000,19.959999,20.040001,14.532841,601200
2010-03-31,20.174999,20.385000,20.174999,20.260000,14.692383,607000
2010-04-01,20.340000,20.450001,20.200001,20.315001,14.732268,293800
2010-04-05,20.150000,20.250000,20.075001,20.174999,14.630740,377400
2010-04-06,19.725000,19.775000,19.174999,19.775000,14.340664,3451400
2010-04-07,19.735001,19.745001,19.555000,19.575001,14.195626,472000
2010-04-08,19.850000,20.070000,19.825001,20.025000,14.521960,823200
2010-04-09,20.120001,20.455000,20.120001,20.379999,14.779403,1202400
2010-04-12,20.500000,20.530001,20.405001,20.459999,14.837418,319600
2010-04-13,20.475000,20.500000,20.350000,20.440001,14.822915,655200
2010-04-14,20.525000,20.625000,20.450001,20.600000,14.938949,418400
2010-04-15,20.809999,21.049999,20.809999,20.975000,15.210896,795600
2010-04-16,20.754999,20.775000,20.575001,20.639999,14.967954,619000
2010-04-19,20.450001,20.695000,20.450001,20.650000,14.975208,644000
2010-04-20,20.730000,20.775000,20.535000,20.600000,14.938949,1510800
2010-04-21,20.450001,20.510000,20.375000,20.424999,14.812037,657200
2010-04-22,20.100000,20.195000,19.924999,20.150000,14.612612,723000
2010-04-23,20.000000,20.184999,19.975000,20.150000,14.612612,605600
2010-04-26,20.145000,20.160000,19.934999,20.049999,14.540091,1059200
2010-04-27,19.940001,20.000000,19.375000,19.395000,14.065091,743600
2010-04-28,19.459999,19.650000,19.299999,19.490000,14.133986,390800
2010-04-29,19.745001,19.799999,19.639999,19.700001,14.286275,505200
2010-04-30,19.750000,19.815001,19.575001,19.700001,14.286275,396200
2010-05-03,19.225000,19.334999,19.160000,19.205000,13.927305,1292600
2010-05-04,18.955000,19.049999,18.780001,18.815001,13.644481,581000
2010-05-05,18.555000,18.750000,18.530001,18.590000,13.481312,869000
2010-05-06,18.775000,18.885000,18.000000,18.315001,13.281884,972600
2010-05-07,18.400000,18.450001,17.850000,18.270000,13.249251,612600
2010-05-10,18.740000,18.775000,18.400000,18.495001,13.412419,472600
2010-05-11,18.635000,18.840000,18.545000,18.735001,13.586464,861800
2010-05-12,18.709999,18.790001,18.565001,18.705000,13.564709,679800
2010-05-13,18.750000,18.775000,18.500000,18.540001,13.445053,1156400
2010-05-14,18.445000,18.475000,18.025000,18.225000,13.216618,466600
2010-05-17,18.115000,18.200001,17.900000,18.195000,13.194861,302800
2010-05-18,18.125000,18.145000,17.580000,17.750000,12.872151,495200
2010-05-19,17.740000,17.924999,17.500000,17.855000,12.948296,1458600
2010-05-20,17.549999,17.600000,17.014999,17.150000,12.437036,1571400
2010-05-21,16.924999,17.145000,16.844999,17.084999,12.389896,495600
2010-05-24,16.799999,17.120001,16.799999,17.025000,12.346386,688200
2010-05-25,16.485001,16.725000,16.370001,16.725000,12.128831,1203600
2010-05-26,16.775000,16.920000,16.405001,16.549999,12.001920,1103000
2010-05-27,17.059999,17.200001,16.930000,17.150000,12.437036,490200
2010-05-28,17.285000,17.344999,17.080000,17.150000,12.437036,758400
2010-06-01,17.174999,17.580000,17.110001,17.180000,12.458792,728800
2010-06-02,17.440001,17.795000,17.424999,17.775000,12.890282,441000
2010-06-03,17.924999,17.975000,17.705000,17.870001,12.959175,387600
2010-06-04,17.625000,17.665001,17.225000,17.325001,12.563943,511000
2010-06-07,17.305000,17.375000,17.040001,17.080000,12.386274,477800
2010-06-08,17.135000,17.200001,16.950001,17.174999,12.455166,1197200
2010-06-09,17.250000,17.334999,17.025000,17.025000,12.346386,424200
2010-06-10,17.150000,17.350000,17.075001,17.145000,12.433411,408600
2010-06-11,16.920000,17.004999,16.760000,16.900000,12.255737,1679600
2010-06-14,17.075001,17.195000,17.000000,17.004999,12.331881,779000
2010-06-15,17.225000,17.575001,17.209999,17.575001,12.745243,527000
2010-06-16,17.535000,17.750000,17.525000,17.725000,12.854024,477200
2010-06-17,17.870001,17.975000,17.750000,17.934999,13.006311,264600
2010-06-18,17.480000,17.525000,17.400000,17.500000,12.690853,1071400
2010-06-21,17.540001,17.584999,17.254999,17.275000,12.527684,585200
2010-06-22,17.490000,17.674999,17.450001,17.500000,12.690853,862200
2010-06-23,17.580000,17.674999,17.389999,17.525000,12.708982,329200
2010-06-24,17.575001,17.754999,17.549999,17.555000,12.730739,700400
2010-06-25,17.629999,17.695000,17.510000,17.625000,12.781502,805400
2010-06-28,17.750000,17.834999,17.674999,17.799999,12.908410,1321800
2010-06-29,17.375000,17.375000,17.145000,17.315001,12.556691,967000
2010-06-30,17.200001,17.375000,17.070000,17.150000,12.437036,694400
2010-07-01,17.250000,17.340000,16.924999,17.275000,12.527684,1822000
2010-07-02,17.250000,17.299999,17.180000,17.250000,12.509556,376800
2010-07-06,17.275000,17.410000,17.200001,17.275000,12.527684,412200
2010-07-07,17.375000,17.674999,17.375000,17.674999,12.817761,402000
2010-07-08,17.799999,17.799999,17.610001,17.799999,12.908410,2095200
2010-07-09,17.700001,17.834999,17.580000,17.815001,12.919290,490800
2010-07-12,17.570000,17.799999,17.500000,17.760000,12.879403,911000
2010-07-13,17.799999,17.875000,17.674999,17.745001,12.868526,578800
2010-07-14,17.605000,17.815001,17.590000,17.775000,12.890282,513200
2010-07-15,18.075001,18.150000,18.000000,18.084999,13.115090,672400
2010-07-16,17.270000,17.375000,17.125000,17.240000,12.502303,1449800
2010-07-19,17.174999,17.219999,17.070000,17.100000,12.400777,737600
2010-07-20,16.975000,17.120001,16.325001,16.500000,11.965662,2650000
2010-07-21,16.350000,16.375000,15.925000,16.100000,11.675585,4102400
2010-07-22,16.600000,16.615000,16.485001,16.500000,11.965662,1770600
2010-07-23,16.150000,16.290001,15.945000,16.025000,11.621195,6430000
2010-07-26,16.025000,16.125000,15.975000,16.125000,11.693714,828600
2010-07-27,16.010000,16.055000,15.845000,15.935000,11.555928,2215200
2010-07-28,16.275000,16.350000,16.225000,16.250000,11.784364,423000
2010-07-29,16.424999,16.440001,16.299999,16.350000,11.856882,329400
2010-07-30,16.200001,16.290001,16.155001,16.275000,11.802493,276200
2010-08-02,16.375000,16.545000,16.309999,16.465000,11.940281,335400
2010-08-03,16.674999,16.745001,16.625000,16.709999,12.117950,663000
2010-08-04,16.680000,16.709999,16.525000,16.549999,12.001920,721800
2010-08-05,16.870001,16.934999,16.805000,16.825001,12.201348,510400
2010-08-06,17.000000,17.145000,16.934999,17.125000,12.418906,324200
2010-08-09,17.195000,17.200001,17.010000,17.065001,12.375396,818800
2010-08-10,16.950001,17.190001,16.844999,17.145000,12.433411,232600
2010-08-11,16.910000,16.950001,16.680000,16.700001,12.110701,289600
2010-08-12,16.860001,16.965000,16.799999,16.889999,12.248486,235800
2010-08-13,16.889999,17.200001,16.825001,16.885000,12.244859,217800
2010-08-16,17.040001,17.190001,17.000000,17.100000,12.400777,310400
2010-08-17,17.035000,17.075001,16.945000,16.965000,12.302876,981000
2010-08-18,17.254999,17.299999,17.150000,17.200001,12.473295,3403200
2010-08-19,17.275000,17.275000,17.014999,17.070000,12.379021,1897000
2010-08-20,16.850000,16.885000,16.754999,16.844999,12.215852,1135000
2010-08-23,16.750000,16.805000,16.620001,16.620001,12.052685,424800
2010-08-24,16.525000,16.770000,16.525000,16.730000,12.132457,500000
2010-08-25,16.549999,16.715000,16.510000,16.700001,12.110701,493800
2010-08-26,16.674999,16.760000,16.625000,16.674999,12.092568,363400
2010-08-27,16.750000,16.834999,16.639999,16.735001,12.136083,432800
2010-08-30,16.825001,16.910000,16.750000,16.750000,12.146959,237400
2010-08-31,16.895000,17.035000,16.875000,16.965000,12.302876,1058800
2010-09-01,17.150000,17.250000,17.129999,17.174999,12.455166,364400
2010-09-02,17.200001,17.245001,17.135000,17.245001,12.505930,2705400
2010-09-03,17.389999,17.500000,17.350000,17.430000,12.640090,536400
2010-09-07,17.600000,17.625000,17.530001,17.555000,12.730739,440800
2010-09-08,17.665001,17.740000,17.590000,17.625000,12.781502,698800
2010-09-09,17.730000,17.795000,17.629999,17.690001,12.828639,217800
2010-09-10,17.504999,17.709999,17.504999,17.635000,12.788754,474400
2010-09-13,17.684999,17.820000,17.605000,17.660000,12.806883,774200
2010-09-14,17.655001,17.920000,16.775000,17.875000,12.962799,896200
2010-09-15,17.495001,17.500000,17.270000,17.299999,12.545815,989400
2010-09-16,17.075001,17.100000,16.975000,17.055000,12.368144,874200
2010-09-17,17.000000,17.045000,16.924999,17.000000,12.328256,766800
2010-09-20,17.105000,17.190001,17.105000,17.174999,12.455166,287000
2010-09-21,17.125000,17.250000,17.025000,17.174999,12.455166,947600
2010-09-22,17.315001,17.415001,17.219999,17.230000,12.495050,844600
2010-09-23,17.174999,17.215000,17.040001,17.070000,12.379021,664400
2010-09-24,17.004999,17.100000,16.920000,17.075001,12.382648,1411200
2010-09-27,16.805000,16.805000,16.610001,16.670000,12.088943,3159600
2010-09-28,16.575001,16.725000,16.450001,16.709999,12.117950,6913200
2010-09-29,16.705000,16.920000,16.690001,16.905001,12.259364,772400
2010-09-30,17.270000,17.320000,17.049999,17.065001,12.375396,2142200
2010-10-01,17.200001,17.450001,17.190001,17.389999,12.611081,1405600
2010-10-04,17.305000,17.344999,17.225000,17.275000,12.527684,453600
2010-10-05,17.575001,17.815001,17.549999,17.799999,12.908410,1406200
2010-10-06,17.959999,18.000000,17.875000,17.975000,13.035319,709800
2010-10-07,18.075001,18.100000,17.844999,17.930000,13.002687,709000
2010-10-08,17.924999,18.125000,17.924999,18.125000,13.144099,500600
2010-10-11,18.000000,18.049999,17.879999,18.000000,13.053450,4604400
2010-10-12,17.790001,17.825001,17.580000,17.775000,12.890282,3531800
2010-10-13,18.075001,18.184999,17.945000,18.025000,13.071576,2020800
2010-10-14,18.014999,18.195000,17.975000,18.184999,13.187610,1103000
2010-10-15,18.525000,18.695000,18.400000,18.490000,13.408792,897000
2010-10-18,18.600000,18.775000,18.594999,18.760000,13.604595,296400
2010-10-19,18.424999,18.545000,18.330000,18.525000,13.434176,2658600
2010-10-20,18.655001,18.775000,18.650000,18.650000,13.524825,456600
2010-10-21,18.575001,18.600000,18.375000,18.500000,13.416044,366400
2010-10-22,18.350000,18.400000,18.225000,18.250000,13.234747,638000
2010-10-25,18.455000,18.530001,18.424999,18.475000,13.397916,505200
2010-10-26,18.215000,18.219999,18.010000,18.125000,13.144099,380600
2010-10-27,18.219999,18.375000,18.219999,18.355000,13.310891,396000
2010-10-28,18.555000,18.625000,18.400000,18.500000,13.416044,701200
2010-10-29,18.290001,18.405001,18.225000,18.375000,13.325396,278800
2010-11-01,18.320000,18.365000,18.209999,18.325001,13.289138,247600
2010-11-02,18.760000,18.834999,18.665001,18.725000,13.579212,436600
2010-11-03,18.590000,18.760000,18.455000,18.760000,13.604595,300000
2010-11-04,18.815001,18.975000,18.764999,18.950001,13.742381,305400
2010-11-05,18.840000,18.870001,18.559999,18.650000,13.524825,518400
2010-11-08,18.575001,18.600000,18.455000,18.465000,13.390664,4430600
2010-11-09,18.500000,18.504999,18.225000,18.270000,13.249251,5972200
2010-11-10,18.400000,18.465000,18.260000,18.440001,13.372535,994400
2010-11-11,18.325001,18.365000,18.174999,18.250000,13.234747,195200
2010-11-12,18.150000,18.240000,17.975000,18.055000,13.093335,506200
2010-11-15,18.215000,18.295000,18.094999,18.115000,13.136845,682000
2010-11-16,18.150000,18.160000,17.809999,17.855000,12.948296,484600
2010-11-17,18.120001,18.275000,18.115000,18.230000,13.220243,1503200
2010-11-18,18.500000,18.500000,18.280001,18.325001,13.289138,4089200
2010-11-19,18.270000,18.389999,18.145000,18.389999,13.336271,681800
2010-11-22,18.049999,18.230000,17.985001,18.125000,13.144099,3831000
2010-11-23,17.825001,17.885000,17.535000,17.555000,12.730739,718000
2010-11-24,17.580000,17.700001,17.565001,17.620001,12.777876,315600
2010-11-26,17.445000,17.580000,17.395000,17.525000,12.708982,131200
2010-11-29,17.395000,17.500000,17.245001,17.450001,12.654595,894200
2010-11-30,17.230000,17.365000,17.174999,17.209999,12.480547,677800
2010-12-01,17.200001,17.350000,17.184999,17.309999,12.553066,1532000
2010-12-02,17.209999,17.570000,17.209999,17.530001,12.712610,925800
2010-12-03,17.635000,17.795000,16.875000,17.745001,12.868526,555200
2010-12-06,17.459999,17.570000,17.415001,17.500000,12.690853,1819400
2010-12-07,17.605000,17.670000,17.485001,17.530001,12.712610,991000
2010-12-08,17.780001,19.000000,17.780001,17.879999,12.966425,577800
2010-12-09,17.950001,18.139999,17.950001,18.100000,13.125969,495000
2010-12-10,18.014999,18.084999,17.969999,18.059999,13.096960,846600
2010-12-13,18.170000,18.365000,18.125000,18.250000,13.234747,824400
2010-12-14,18.340000,18.590000,18.340000,18.480000,13.401541,623800
2010-12-15,18.379999,18.504999,18.125000,18.200001,13.198487,732400
2010-12-16,18.190001,18.325001,17.809999,18.125000,13.144099,4630800
2010-12-17,17.865000,18.129999,17.750000,17.870001,12.959175,11606600
2010-12-20,17.975000,18.070000,17.900000,17.924999,12.999058,3863600
2010-12-21,17.945000,18.014999,17.885000,17.905001,12.984556,3313200
2010-12-22,18.004999,18.100000,17.980000,18.090000,13.118716,1930600
2010-12-23,17.985001,18.120001,17.975000,18.120001,13.140473,1892000
2010-12-27,18.055000,18.105000,17.969999,18.030001,13.075204,1622600
2010-12-28,18.334999,18.385000,18.250000,18.295000,13.267380,1206200
2010-12-29,18.275000,18.360001,18.260000,18.305000,13.274632,1251600
2010-12-30,18.315001,18.350000,18.200001,18.299999,13.271003,1526800
2010-12-31,18.200001,18.385000,18.200001,18.325001,13.289138,454200
2011-01-03,18.225000,18.360001,18.225000,18.309999,13.278258,962200
2011-01-04,18.200001,18.200001,18.055000,18.150000,13.162228,1082000
2011-01-05,17.750000,17.875000,17.730000,17.830000,12.930166,1178600
2011-01-06,17.850000,17.850000,17.725000,17.760000,12.879403,3081600
2011-01-07,17.635000,17.680000,17.549999,17.660000,12.806883,2691200
2011-01-10,17.280001,17.440001,17.195000,17.424999,12.636463,1672400
2011-01-11,17.285000,17.385000,17.225000,17.325001,12.563943,4003800
2011-01-12,17.680000,17.750000,17.610001,17.740000,12.864899,4532800
2011-01-13,17.754999,17.795000,17.584999,17.700001,12.835891,1572000
2011-01-14,17.750000,17.870001,17.709999,17.820000,12.922915,1043400
2011-01-18,18.325001,18.375000,18.184999,18.285000,13.260128,2108000
2011-01-19,18.405001,18.500000,18.344999,18.475000,13.397916,2878600
2011-01-20,18.260000,18.334999,18.160000,18.250000,13.234747,1168800
2011-01-21,18.410000,18.455000,18.264999,18.424999,13.361655,1028000
2011-01-24,18.600000,18.955000,18.600000,18.940001,13.735130,654000
2011-01-25,19.070000,19.174999,19.045000,19.145000,13.883794,732200
2011-01-26,19.225000,19.320000,19.209999,19.299999,13.996198,583800
2011-01-27,19.225000,19.299999,19.155001,19.250000,13.959937,1691400
2011-01-28,19.150000,19.219999,19.030001,19.105000,13.854786,1590800
2011-01-31,19.129999,19.250000,19.075001,19.135000,13.876543,727400
2011-02-01,19.125000,19.485001,19.059999,19.469999,14.119481,788000
2011-02-02,18.885000,19.260000,18.865000,19.139999,13.880166,5000000
2011-02-03,18.725000,18.844999,18.555000,18.815001,13.644481,2486200
2011-02-04,18.410000,18.455000,18.209999,18.450001,13.379787,4647400
2011-02-07,18.315001,18.424999,18.280001,18.385000,13.332648,1868600
2011-02-08,18.385000,18.465000,18.305000,18.355000,13.310891,1484200
2011-02-09,18.230000,18.400000,18.215000,18.360001,13.314517,1104200
2011-02-10,18.170000,18.275000,18.120001,18.225000,13.216618,1407800
2011-02-11,18.260000,18.389999,18.225000,18.355000,13.310891,1354400
2011-02-14,18.139999,18.200001,18.110001,18.135000,13.151350,1264800
2011-02-15,17.965000,18.070000,17.915001,18.020000,13.067951,950600
2011-02-16,17.950001,18.264999,17.905001,18.184999,13.187610,870200
2011-02-17,18.090000,18.240000,18.049999,18.205000,13.202114,805200
2011-02-18,18.129999,18.325001,18.129999,18.264999,13.245625,373200
2011-02-22,18.275000,18.299999,18.160000,18.205000,13.202114,762200
2011-02-23,18.340000,18.495001,18.340000,18.379999,13.329020,598800
2011-02-24,18.424999,18.495001,18.395000,18.495001,13.412419,429400
2011-02-25,18.475000,18.565001,18.424999,18.525000,13.434176,430400
2011-02-28,18.780001,18.980000,18.780001,18.780001,13.619098,931400
2011-03-01,18.910000,18.920000,18.750000,18.790001,13.626352,1244400
2011-03-02,18.750000,18.805000,18.650000,18.750000,13.597342,1651600
2011-03-03,18.120001,18.150000,18.004999,18.120001,13.771002,1997800
2011-03-04,18.155001,18.180000,17.965000,18.080000,13.740601,291000
2011-03-07,17.905001,17.930000,17.700001,17.709999,13.459403,1071600
2011-03-08,17.665001,18.245001,17.590000,17.629999,13.398605,1635600
2011-03-09,17.795000,17.820000,17.684999,17.719999,13.467006,3906200
2011-03-10,17.740000,17.850000,17.655001,17.705000,13.455605,307600
2011-03-11,17.660000,17.805000,17.650000,17.775000,13.508804,837000
2011-03-14,17.740000,17.805000,17.670000,17.740000,13.482204,848200
2011-03-15,17.260000,17.405001,17.174999,17.309999,13.155409,1339600
2011-03-16,17.230000,17.360001,17.010000,17.125000,13.014812,732000
2011-03-17,17.455000,17.535000,17.379999,17.475000,13.280807,807600
2011-03-18,17.430000,17.465000,17.340000,17.410000,13.231406,1215000
2011-03-21,17.594999,17.665001,17.504999,17.594999,13.372005,530600
2011-03-22,17.809999,17.855000,17.770000,17.850000,13.565804,1965800
2011-03-23,17.934999,17.955000,17.834999,17.895000,13.600003,857800
2011-03-24,17.959999,18.035000,17.879999,17.969999,13.657001,839800
2011-03-25,17.820000,17.865000,17.700001,17.825001,13.546805,2650800
2011-03-28,17.809999,17.879999,17.705000,17.715000,13.463203,1071400
2011-03-29,17.650000,17.770000,17.645000,17.719999,13.467006,688800
2011-03-30,17.885000,17.975000,17.795000,17.955000,13.645603,4345600
2011-03-31,17.965000,18.065001,17.870001,17.975000,13.660802,5091200
2011-04-01,17.860001,18.110001,17.795000,18.084999,13.744401,850000
2011-04-04,18.084999,18.170000,18.000000,18.035000,13.706400,4467400
2011-04-05,17.889999,18.020000,17.879999,17.975000,13.660802,546600
2011-04-06,18.084999,18.205000,18.045000,18.084999,13.744401,1567400
2011-04-07,18.200001,18.334999,18.200001,18.315001,13.919198,3540000
2011-04-08,18.405001,18.405001,18.275000,18.375000,13.964797,1723000
2011-04-11,18.514999,18.549999,18.440001,18.525000,14.078797,1502800
2011-04-12,18.660000,18.730000,18.605000,18.635000,14.162394,1888400
2011-04-13,18.549999,18.655001,18.485001,18.555000,14.101597,1393400
2011-04-14,18.490000,18.665001,18.455000,18.620001,14.150995,504400
2011-04-15,18.674999,18.715000,18.615000,18.665001,14.185196,352000
2011-04-18,18.530001,18.594999,18.355000,18.545000,14.093996,558200
2011-04-19,18.510000,18.594999,18.504999,18.545000,14.093996,3038000
2011-04-20,19.045000,19.240000,18.985001,19.235001,14.618388,1756200
2011-04-21,19.420000,19.455000,19.250000,19.290001,14.660189,903200
2011-04-25,19.299999,19.375000,19.250000,19.260000,14.637390,574400
2011-04-26,19.375000,19.475000,19.320000,19.469999,14.796987,637000
2011-04-27,19.430000,19.775000,19.340000,19.730000,14.994582,1376200
2011-04-28,19.735001,19.950001,19.725000,19.900000,15.123781,2056000
2011-04-29,19.965000,20.340000,19.965000,20.264999,15.401176,1978000
2011-05-02,20.495001,20.684999,20.000000,20.485001,15.568373,845800
2011-05-03,20.635000,20.844999,20.615000,20.785000,15.796371,354800
2011-05-04,20.840000,20.889999,20.575001,20.635000,15.682374,901800
2011-05-05,20.440001,20.549999,20.385000,20.420000,15.518973,2021400
2011-05-06,20.674999,20.879999,20.450001,20.639999,15.686171,3024200
2011-05-09,20.514999,20.750000,20.490000,20.750000,15.769771,754400
2011-05-10,20.674999,20.750000,20.615000,20.705000,15.735570,1960000
2011-05-11,20.834999,20.965000,20.725000,20.790001,15.800172,4600000
2011-05-12,20.889999,21.080000,20.850000,21.025000,15.978768,834000
2011-05-13,21.129999,21.174999,20.795000,20.910000,15.891370,1471600
2011-05-16,21.190001,21.360001,21.174999,21.250000,16.149767,1501800
2011-05-17,21.030001,21.075001,20.900000,21.075001,16.016768,777000
2011-05-18,21.219999,21.375000,21.084999,21.315001,16.199165,630000
2011-05-19,21.150000,21.350000,21.129999,21.330000,16.210564,366000
2011-05-20,21.280001,21.330000,21.174999,21.240000,16.142164,351600
2011-05-23,20.830000,20.879999,20.605000,20.674999,15.712770,1918800
2011-05-24,20.815001,20.900000,20.775000,20.790001,15.800172,294400
2011-05-25,20.910000,21.215000,20.910000,21.165001,16.085169,428600
2011-05-26,21.290001,21.475000,21.219999,21.424999,16.282763,343200
2011-05-27,21.705000,21.750000,21.629999,21.690001,16.484163,584200
2011-05-31,21.895000,21.985001,21.825001,21.959999,16.689360,633200
2011-06-01,22.045000,22.230000,21.840000,21.875000,16.624762,410200
2011-06-02,21.875000,21.975000,21.799999,21.915001,16.655157,368000
2011-06-03,22.045000,22.049999,21.900000,21.950001,16.681759,845800
2011-06-06,21.900000,21.900000,21.730000,21.780001,16.552561,781600
2011-06-07,21.735001,21.750000,21.600000,21.645000,16.449965,492800
2011-06-08,21.434999,21.490000,21.305000,21.365000,16.237165,324800
2011-06-09,21.190001,21.270000,21.160000,21.245001,16.145966,409600
2011-06-10,20.959999,20.990000,20.830000,20.830000,15.830572,388000
2011-06-13,21.004999,21.075001,20.924999,20.990000,15.952169,175000
2011-06-14,20.959999,21.110001,20.934999,21.070000,16.012966,300800
2011-06-15,20.700001,20.760000,20.360001,20.385000,15.492378,463600
2011-06-16,20.495001,20.625000,20.430000,20.500000,15.579773,739800
2011-06-17,20.650000,20.705000,20.514999,20.559999,15.625375,293600
2011-06-20,20.639999,20.795000,20.525000,20.559999,15.625375,358400
2011-06-21,20.684999,20.879999,20.684999,20.865000,15.857171,5153600
2011-06-22,20.580000,20.760000,20.549999,20.555000,15.621574,414400
2011-06-23,20.424999,20.555000,20.250000,20.480000,15.564574,2626200
2011-06-24,20.500000,20.530001,20.400000,20.500000,15.579773,1418200
2011-06-27,20.635000,20.820000,20.610001,20.750000,15.769771,2257400
2011-06-28,20.780001,20.950001,20.665001,20.719999,15.746970,3328200
2011-06-29,20.920000,21.000000,20.799999,20.799999,15.807770,2730400
2011-06-30,20.750000,20.980000,20.605000,20.980000,15.944568,899000
2011-07-01,20.809999,20.940001,20.745001,20.825001,15.826771,434400
2011-07-05,20.684999,20.840000,20.590000,20.805000,15.811570,550000
2011-07-06,20.705000,20.705000,20.525000,20.610001,15.663372,334600
2011-07-07,20.360001,20.510000,20.280001,20.455000,15.545574,528400
2011-07-08,20.415001,20.530001,20.250000,20.395000,15.499975,642400
2011-07-11,20.160000,20.270000,20.135000,20.209999,15.359377,387400
2011-07-12,20.320000,20.674999,20.320000,20.530001,15.602573,406600
2011-07-13,20.555000,20.900000,20.535000,20.780001,15.792571,361200
2011-07-14,20.830000,20.910000,20.695000,20.754999,15.773569,808400
2011-07-15,20.950001,20.990000,20.775000,20.950001,15.921769,371000
2011-07-18,20.760000,20.870001,20.684999,20.820000,15.822970,359800
2011-07-19,20.975000,21.150000,20.879999,20.934999,15.910369,700600
2011-07-20,21.139999,21.475000,21.100000,21.475000,16.320763,535400
2011-07-21,21.410000,21.764999,21.305000,21.740000,16.522161,1070000
2011-07-22,21.924999,22.030001,21.855000,21.924999,16.662758,805400
2011-07-25,22.684999,22.790001,22.530001,22.594999,17.171951,608800
2011-07-26,22.674999,22.825001,22.625000,22.625000,17.194750,1132000
2011-07-27,22.605000,22.610001,22.275000,22.360001,16.993353,291600
2011-07-28,22.275000,22.360001,22.184999,22.225000,16.890755,342200
2011-07-29,22.225000,22.620001,22.215000,22.285000,16.936356,1504400
2011-08-01,22.525000,22.625000,22.275000,22.350000,16.985754,681400
2011-08-02,21.975000,22.209999,21.825001,22.014999,16.731157,4970000
2011-08-03,22.475000,22.530001,22.165001,22.325001,16.966755,2808400
2011-08-04,22.049999,22.100000,21.250000,21.260000,16.157366,795600
2011-08-05,21.290001,21.400000,20.605000,21.230000,16.134565,846400
2011-08-08,20.625000,20.780001,19.875000,20.125000,15.294777,836400
2011-08-09,20.655001,21.424999,20.350000,21.395000,16.259968,1440400
2011-08-10,21.000000,21.000000,19.775000,19.975000,15.180779,1318600
2011-08-11,19.090000,20.290001,19.090000,20.059999,15.245377,1808200
2011-08-12,20.325001,20.600000,20.059999,20.340000,15.458176,435000
2011-08-15,20.465000,20.660000,20.360001,20.559999,15.625375,573600
2011-08-16,20.809999,20.924999,20.480000,20.674999,15.712770,458800
2011-08-17,21.139999,21.299999,20.924999,21.020000,15.974969,1374600
2011-08-18,20.740000,20.799999,20.280001,20.430000,15.526576,2040400
2011-08-19,20.309999,20.750000,20.250000,20.375000,15.484775,1201000
2011-08-22,21.205000,21.205000,20.750000,20.840000,15.838169,823400
2011-08-23,21.075001,21.475000,20.969999,21.475000,16.320763,652200
2011-08-24,21.379999,21.584999,21.225000,21.450001,16.301764,2248000
2011-08-25,21.264999,21.344999,21.025000,21.270000,16.164967,2771200
2011-08-26,20.834999,21.375000,20.650000,21.325001,16.206764,2555400
2011-08-29,21.110001,21.250000,21.004999,21.250000,16.149767,1149600
2011-08-30,21.254999,21.350000,21.125000,21.305000,16.191566,893000
2011-08-31,21.785000,22.055000,21.635000,21.875000,16.624762,864600
2011-09-01,22.500000,22.549999,22.270000,22.344999,16.981956,758000
2011-09-02,22.065001,22.209999,21.825001,21.900000,16.643759,290200
2011-09-06,20.415001,20.700001,20.309999,20.625000,15.674772,570800
2011-09-07,20.655001,20.830000,20.570000,20.830000,15.830572,410200
2011-09-08,20.559999,20.695000,20.209999,20.235001,15.378377,834200
2011-09-09,20.100000,20.170000,19.695000,19.875000,15.104781,389000
2011-09-12,19.295000,19.580000,19.075001,19.575001,14.876783,511800
2011-09-13,19.350000,19.525000,19.275000,19.415001,14.755186,793800
2011-09-14,19.674999,19.850000,19.405001,19.700001,14.971784,885000
2011-09-15,19.975000,20.059999,19.775000,20.000000,15.199779,591200
2011-09-16,19.625000,19.750000,19.500000,19.625000,14.914783,314000
2011-09-19,19.049999,19.225000,18.875000,19.120001,14.530992,2132200
2011-09-20,19.325001,19.500000,19.150000,19.250000,14.629788,520600
2011-09-21,19.235001,19.580000,19.010000,19.075001,14.496789,586200
2011-09-22,18.525000,18.725000,18.379999,18.660000,14.181395,526800
2011-09-23,18.540001,19.049999,18.540001,19.020000,14.454990,776400
2011-09-26,19.334999,19.584999,19.100000,19.520000,14.834986,787600
2011-09-27,20.065001,20.330000,19.950001,20.055000,15.241579,1901800
2011-09-28,20.219999,20.415001,19.805000,19.879999,15.108579,1342600
2011-09-29,20.415001,20.500000,20.025000,20.299999,15.427776,810200
2011-09-30,20.250000,20.475000,20.100000,20.110001,15.283378,452000
2011-10-03,19.985001,20.160000,19.580000,19.580000,14.880584,1069800
2011-10-04,19.795000,20.049999,19.504999,20.049999,15.237777,391400
2011-10-05,19.500000,19.750000,19.385000,19.750000,15.009779,325600
2011-10-06,19.485001,20.090000,19.424999,20.090000,15.268179,257800
2011-10-07,20.049999,20.450001,20.030001,20.100000,15.275778,409200
2011-10-10,20.525000,20.790001,20.490000,20.695000,15.727973,287000
2011-10-11,20.455000,20.625000,20.410000,20.620001,15.670972,296200
2011-10-12,20.514999,20.725000,20.375000,20.525000,15.598776,620000
2011-10-13,19.650000,19.770000,19.415001,19.700001,14.971784,1509800
2011-10-14,19.934999,20.120001,19.900000,20.049999,15.237777,703400
2011-10-17,19.740000,19.799999,19.535000,19.535000,14.846385,815400
2011-10-18,19.764999,20.370001,19.570000,20.100000,15.275778,598000
2011-10-19,19.825001,19.865000,19.525000,19.590000,14.888185,775200
2011-10-20,20.170000,20.235001,19.799999,20.100000,15.275778,503400
2011-10-21,20.365000,20.475000,20.225000,20.385000,15.492378,320000
2011-10-24,20.040001,20.450001,20.040001,20.424999,15.522774,892200
2011-10-25,20.110001,20.200001,19.924999,20.004999,15.203580,532800
2011-10-26,20.400000,20.469999,20.025000,20.334999,15.454375,480800
2011-10-27,20.905001,21.045000,20.700001,20.905001,15.887570,406600
2011-10-28,21.080000,21.110001,20.920000,21.030001,15.982569,584200
2011-10-31,20.975000,21.000000,20.450001,20.450001,15.541774,407000
2011-11-01,19.500000,20.299999,19.459999,20.094999,15.271976,436600
2011-11-02,19.950001,20.045000,19.750000,19.934999,15.150376,449400
2011-11-03,20.030001,20.549999,19.865000,20.504999,15.583573,673000
2011-11-04,20.195000,20.395000,20.049999,20.200001,15.351779,344600
2011-11-07,19.760000,19.875000,19.600000,19.825001,15.066783,478200
2011-11-08,19.950001,20.225000,19.825001,20.219999,15.366979,526600
2011-11-09,19.465000,19.514999,19.100000,19.225000,14.610786,960400
2011-11-10,19.235001,19.275000,19.049999,19.184999,14.580387,4798600
2011-11-11,19.305000,19.635000,19.305000,19.424999,14.762785,303200
2011-11-14,19.559999,19.590000,19.379999,19.459999,14.789385,213600
2011-11-15,19.525000,19.625000,19.334999,19.549999,14.857786,247400
2011-11-16,19.495001,19.700001,19.400000,19.410000,14.751385,1007200
2011-11-17,19.510000,19.605000,19.205000,19.295000,14.663987,438400
2011-11-18,19.605000,19.660000,19.315001,19.320000,14.682986,419800
2011-11-21,19.040001,19.040001,18.600000,18.719999,14.226991,2391000
2011-11-22,18.924999,18.980000,18.600000,18.660000,14.181395,507200
2011-11-23,18.725000,18.750000,18.455000,18.500000,14.059796,524000
2011-11-25,18.450001,18.575001,18.250000,18.309999,13.915399,265200
2011-11-28,18.905001,19.030001,18.840000,18.900000,14.363791,894200
2011-11-29,19.084999,19.315001,19.020000,19.254999,14.633588,695600
2011-11-30,19.795000,19.940001,19.725000,19.855000,15.089581,377200
2011-12-01,20.225000,21.100000,20.105000,20.155001,15.317580,836600
2011-12-02,20.174999,20.240000,19.905001,19.955000,15.165580,398200
2011-12-05,20.120001,20.160000,19.825001,19.900000,15.123781,423200
2011-12-06,20.110001,20.260000,20.049999,20.200001,15.351779,348800
2011-12-07,20.030001,20.275000,19.959999,20.160000,15.321378,421600
2011-12-08,20.285000,20.385000,20.215000,20.240000,15.382177,405800
2011-12-09,20.504999,20.900000,20.504999,20.900000,15.883770,1089200
2011-12-12,20.770000,20.770000,20.420000,20.480000,15.564574,396600
2011-12-13,20.635000,20.850000,20.385000,20.500000,15.579773,306200
2011-12-14,20.605000,20.705000,20.504999,20.540001,15.610176,3486800
2011-12-15,21.174999,21.320000,21.075001,21.250000,16.149767,421400
2011-12-16,21.100000,21.235001,20.969999,21.100000,16.035767,1914600
2011-12-19,21.065001,21.200001,20.975000,20.980000,15.944568,640000
2011-12-20,21.055000,21.165001,20.950001,21.110001,16.043365,287800
2011-12-21,20.924999,20.975000,20.799999,20.879999,15.868567,622200
2011-12-22,20.665001,20.895000,20.615000,20.885000,15.872370,795800
2011-12-23,20.995001,21.195000,20.879999,21.150000,16.073767,743000
2011-12-27,20.955000,21.184999,20.934999,21.184999,16.100365,448200
2011-12-28,21.355000,21.365000,20.965000,21.160000,16.081366,757600
2011-12-29,21.020000,21.370001,21.020000,21.330000,16.210564,836800
2011-12-30,21.160000,21.375000,21.155001,21.275000,16.168766,439000
2012-01-03,21.674999,21.790001,21.600000,21.684999,16.480360,803000
2012-01-04,21.520000,21.645000,21.350000,21.584999,16.404362,732600
2012-01-05,21.275000,21.389999,21.180000,21.360001,16.233362,879200
2012-01-06,21.395000,21.570000,21.290001,21.525000,16.358765,392400
2012-01-09,21.570000,21.674999,21.434999,21.670000,16.468962,557200
2012-01-10,21.549999,21.645000,21.424999,21.500000,16.339762,1287600
2012-01-11,21.325001,21.480000,21.125000,21.250000,16.149767,1157800
2012-01-12,21.584999,21.795000,21.520000,21.754999,16.533560,339600
2012-01-13,21.424999,21.424999,21.160000,21.395000,16.259968,350200
2012-01-17,21.584999,21.650000,21.469999,21.535000,16.366364,1324800
2012-01-18,21.570000,22.094999,21.570000,22.055000,16.761557,1929200
2012-01-19,22.025000,22.290001,21.975000,22.225000,16.890755,1078000
2012-01-20,21.975000,22.040001,21.805000,21.875000,16.624762,670200
2012-01-23,21.830000,22.070000,21.830000,22.000000,16.719759,1155400
2012-01-24,21.920000,22.245001,21.889999,22.245001,16.905956,746400
2012-01-25,21.379999,21.865000,21.205000,21.775000,16.548759,3565600
2012-01-26,21.850000,21.850000,21.655001,21.700001,16.491760,478800
2012-01-27,21.514999,21.680000,21.379999,21.559999,16.385361,850000
2012-01-30,21.500000,21.500000,21.120001,21.160000,16.081366,1782800
2012-01-31,21.330000,21.450001,21.139999,21.400000,16.263762,2801000
2012-02-01,21.049999,21.275000,20.959999,20.959999,15.929371,11187800
2012-02-02,20.735001,20.969999,20.639999,20.885000,15.872370,4844800
2012-02-03,21.160000,21.500000,21.105000,21.410000,16.271364,1430800
2012-02-06,21.240000,21.525000,21.235001,21.424999,16.282763,1050400
2012-02-07,21.795000,22.100000,21.790001,22.000000,16.719759,705200
2012-02-08,22.209999,22.350000,22.155001,22.245001,16.905956,620000
2012-02-09,22.415001,22.500000,22.275000,22.500000,17.099751,1360000
2012-02-10,22.000000,22.145000,21.900000,22.120001,16.810953,688400
2012-02-13,22.459999,22.490000,22.355000,22.405001,17.027552,808800
2012-02-14,21.975000,22.090000,21.879999,21.969999,16.696959,414000
2012-02-15,21.995001,22.450001,21.820000,21.875000,16.624762,900000
2012-02-16,21.879999,22.145000,21.844999,22.125000,16.814756,2098200
2012-02-17,22.065001,22.100000,21.945000,22.035000,16.746357,415600
2012-02-21,22.110001,22.184999,21.965000,21.985001,16.708359,602200
2012-02-22,21.799999,21.950001,21.799999,21.840000,16.598158,426200
2012-02-23,21.940001,22.195000,21.930000,22.165001,16.845154,452200
2012-02-24,22.115000,22.245001,22.075001,22.125000,16.814756,1157000
2012-02-27,21.934999,22.150000,21.910000,22.135000,16.822357,1235000
2012-02-28,21.995001,22.105000,21.870001,22.040001,16.750156,290200
2012-02-29,21.990000,22.084999,21.730000,21.790001,16.560158,555000
2012-03-01,21.525000,21.719999,21.500000,21.665001,16.465160,1057600
2012-03-02,21.520000,21.625000,21.400000,21.549999,16.377762,586800
2012-03-05,21.840000,21.844999,21.709999,21.750000,16.529758,1217000
2012-03-06,21.674999,21.715000,21.360001,21.555000,16.381563,461000
2012-03-07,21.674999,21.924999,21.660000,21.889999,16.636156,377200
2012-03-08,21.520000,21.825001,21.469999,21.740000,17.254841,380800
2012-03-09,21.540001,21.650000,21.480000,21.565001,17.115946,2525600
2012-03-12,21.684999,21.684999,21.450001,21.620001,17.159595,1654400
2012-03-13,21.434999,21.655001,21.430000,21.580000,17.127850,3978800
2012-03-14,21.600000,21.674999,21.440001,21.555000,17.108009,3653000
2012-03-15,21.670000,21.825001,21.629999,21.799999,17.302460,880000
2012-03-16,21.795000,21.889999,21.740000,21.875000,17.361992,346600
2012-03-19,21.825001,22.075001,21.825001,21.975000,17.441357,647800
2012-03-20,21.930000,22.000000,21.889999,21.969999,17.437389,715800
2012-03-21,21.985001,22.090000,21.840000,21.959999,17.429455,647800
2012-03-22,21.645000,21.745001,21.600000,21.700001,17.223093,349800
2012-03-23,21.610001,21.730000,21.455000,21.700001,17.223093,375400
2012-03-26,21.834999,21.945000,21.785000,21.930000,17.405642,692400
2012-03-27,21.879999,21.965000,21.775000,21.840000,17.334208,404600
2012-03-28,22.055000,22.129999,21.950001,21.990000,17.453264,453000
2012-03-29,21.740000,21.780001,21.610001,21.770000,17.278652,730000
2012-03-30,21.775000,21.965000,21.625000,21.820000,17.318336,464800
2012-04-02,21.885000,22.370001,21.885000,22.325001,17.719151,399800
2012-04-03,22.330000,22.370001,21.950001,22.075001,17.520725,1215600
2012-04-04,21.775000,21.795000,21.504999,21.719999,17.238966,954200
2012-04-05,21.379999,21.540001,21.334999,21.424999,17.004826,579800
2012-04-09,21.424999,21.525000,21.125000,21.495001,17.060385,215000
2012-04-10,21.375000,21.375000,20.940001,20.940001,16.619890,930400
2012-04-11,21.055000,21.120001,20.995001,21.000000,16.667509,268800
2012-04-12,21.415001,21.639999,21.415001,21.514999,17.076260,664200
2012-04-13,21.510000,21.510000,21.325001,21.350000,16.945301,466600
2012-04-16,21.639999,21.950001,21.580000,21.910000,17.389769,235600
2012-04-17,21.905001,22.049999,21.770000,22.030001,17.485010,415800
2012-04-18,22.205000,22.305000,22.160000,22.235001,17.647718,522000
2012-04-19,22.375000,22.514999,22.254999,22.420000,17.794550,1521400
2012-04-20,22.879999,23.200001,22.879999,23.139999,18.366007,1112800
2012-04-23,22.715000,22.825001,22.590000,22.820000,18.112026,277600
2012-04-24,22.725000,22.924999,22.725000,22.865000,18.147743,554400
2012-04-25,22.945000,23.075001,22.889999,23.000000,18.254890,910600
2012-04-26,22.775000,22.975000,22.715000,22.895000,18.171555,671600
2012-04-27,22.785000,22.850000,22.695000,22.799999,18.096151,562000
2012-04-30,22.955000,22.955000,22.809999,22.910000,18.183460,313800
2012-05-01,22.900000,23.049999,22.889999,23.000000,18.254890,320600
2012-05-02,22.795000,22.885000,22.580000,22.709999,18.024721,809200
2012-05-03,22.719999,22.795000,22.570000,22.650000,17.977098,408600
2012-05-04,22.650000,22.715000,22.440001,22.475000,17.838203,270000
2012-05-07,21.625000,21.924999,21.480000,21.900000,17.381830,1943600
2012-05-08,21.315001,21.389999,21.200001,21.370001,16.961172,1733400
2012-05-09,21.145000,21.270000,21.040001,21.235001,16.854025,1128400
2012-05-10,21.139999,21.190001,21.014999,21.080000,16.731005,1218000
2012-05-11,20.975000,21.170000,20.945000,21.030001,16.691320,1298400
2012-05-14,20.924999,20.940001,20.629999,20.709999,16.437338,337800
2012-05-15,20.540001,20.655001,20.465000,20.549999,16.310349,303400
2012-05-16,20.629999,20.639999,20.375000,20.379999,16.175419,284400
2012-05-17,20.375000,20.455000,20.299999,20.340000,16.143673,531200
2012-05-18,20.264999,20.264999,20.025000,20.160000,16.000809,1122000
2012-05-21,20.280001,20.410000,20.219999,20.389999,16.183357,438000
2012-05-22,20.459999,20.580000,20.320000,20.430000,16.215107,625400
2012-05-23,20.170000,20.180000,19.799999,20.075001,15.933344,600200
2012-05-24,20.014999,20.025000,19.750000,19.855000,15.758734,590600
2012-05-25,19.850000,19.950001,19.825001,19.905001,15.798420,557000
2012-05-29,19.945000,19.990000,19.775000,19.924999,15.814289,948600
2012-05-30,19.764999,19.764999,19.575001,19.584999,15.544436,1490200
2012-05-31,19.645000,19.690001,19.450001,19.584999,15.544436,590600
2012-06-01,19.559999,19.655001,19.325001,19.469999,15.453163,542600
2012-06-04,19.510000,19.594999,19.330000,19.430000,15.421414,1511000
2012-06-05,19.485001,19.510000,19.315001,19.500000,15.476973,392200
2012-06-06,19.674999,20.100000,19.674999,20.100000,15.953187,442600
2012-06-07,20.190001,20.230000,20.025000,20.120001,15.969062,444800
2012-06-08,19.879999,20.065001,19.825001,20.059999,15.921437,215000
2012-06-11,20.225000,20.240000,19.950001,19.969999,15.850008,333600
2012-06-12,20.205000,20.500000,20.075001,20.469999,16.246855,501200
2012-06-13,20.540001,20.725000,20.480000,20.590000,16.342094,721800
2012-06-14,20.610001,20.674999,20.545000,20.590000,16.342094,1769800
2012-06-15,20.605000,20.625000,20.500000,20.600000,16.350033,643400
2012-06-18,20.500000,20.570000,20.400000,20.424999,16.211136,684600
2012-06-19,20.924999,21.400000,20.575001,21.299999,16.905617,1034200
2012-06-20,21.160000,21.375000,21.084999,21.254999,16.869902,351400
2012-06-21,21.280001,21.305000,21.000000,21.004999,16.671476,425200
2012-06-22,21.165001,21.230000,21.025000,21.184999,16.814341,240600
2012-06-25,20.850000,20.850000,20.690001,20.799999,16.508770,272400
2012-06-26,21.004999,21.225000,20.995001,21.200001,16.826248,303600
2012-06-27,21.155001,21.225000,21.014999,21.184999,16.814341,486000
2012-06-28,21.035000,21.135000,20.930000,21.135000,16.774658,329000
2012-06-29,21.580000,21.625000,21.500000,21.610001,17.151661,640600
2012-07-02,21.610001,21.655001,21.485001,21.655001,17.187378,861600
2012-07-03,21.660000,21.790001,21.580000,21.719999,17.238966,2327000
2012-07-05,21.490000,21.760000,21.375000,21.415001,16.996891,183200
2012-07-06,21.405001,21.405001,21.200001,21.260000,16.873869,435200
2012-07-09,21.450001,21.504999,21.315001,21.424999,17.004826,629200
2012-07-10,21.395000,21.400000,21.225000,21.240000,16.857994,503400
2012-07-11,21.385000,21.430000,21.225000,21.389999,16.977047,344400
2012-07-12,21.100000,21.309999,21.035000,21.270000,16.881807,1496800
2012-07-13,21.190001,21.395000,21.190001,21.344999,16.941332,296200
2012-07-16,21.459999,21.625000,21.434999,21.625000,17.163567,279600
2012-07-17,21.549999,21.775000,21.405001,21.719999,17.238966,300600
2012-07-18,21.629999,21.865000,21.629999,21.815001,17.314367,235600
2012-07-19,21.905001,22.020000,21.889999,22.000000,17.461201,186400
2012-07-20,21.639999,21.730000,21.555000,21.620001,17.159595,439800
2012-07-23,21.084999,21.295000,21.025000,21.290001,16.897682,401400
2012-07-24,21.120001,21.150000,20.775000,20.985001,16.655603,1299400
2012-07-25,21.280001,21.350000,21.059999,21.309999,16.913553,268000
2012-07-26,21.469999,21.514999,21.325001,21.445000,17.020699,171200
2012-07-27,21.495001,21.850000,21.469999,21.605000,17.147692,368800
2012-07-30,21.605000,21.700001,21.565001,21.680000,17.207220,196200
2012-07-31,22.065001,22.305000,22.020000,22.180000,17.604065,280800
2012-08-01,22.170000,22.250000,22.035000,22.070000,17.516758,468400
2012-08-02,22.094999,22.174999,21.900000,22.110001,17.548506,278600
2012-08-03,22.320000,22.549999,22.285000,22.500000,17.858044,271200
2012-08-06,22.135000,22.385000,22.115000,22.299999,17.699308,206200
2012-08-07,22.355000,22.525000,22.355000,22.400000,17.778675,411200
2012-08-08,22.350000,22.370001,22.260000,22.325001,17.719151,452400
2012-08-09,22.215000,22.405001,22.200001,22.334999,17.727087,1042000
2012-08-10,22.275000,22.424999,22.260000,22.360001,17.746927,364600
2012-08-13,22.410000,22.565001,22.410000,22.495001,17.854074,539400
2012-08-14,22.500000,22.660000,22.500000,22.559999,17.905666,217200
2012-08-15,22.565001,22.645000,22.475000,22.514999,17.869951,185000
2012-08-16,22.565001,22.725000,22.540001,22.600000,17.937416,211800
2012-08-17,22.510000,22.600000,22.385000,22.600000,17.937416,311000
2012-08-20,22.410000,22.510000,22.355000,22.400000,17.778675,308000
2012-08-21,22.490000,22.725000,22.480000,22.500000,17.858044,649600
2012-08-22,22.480000,22.645000,22.379999,22.645000,17.973131,1924400
2012-08-23,22.504999,22.650000,22.430000,22.555000,17.901699,901800
2012-08-24,22.575001,22.920000,22.530001,22.855000,18.139805,1789000
2012-08-27,22.885000,22.959999,22.879999,22.930000,18.199333,3126200
2012-08-28,22.850000,22.945000,22.840000,22.879999,18.159647,3600600
2012-08-29,22.660000,22.725000,22.590000,22.650000,17.977098,1059600
2012-08-30,22.705000,22.795000,22.434999,22.500000,17.858044,2094400
2012-08-31,22.975000,23.025000,22.660000,22.750000,18.056467,1881400
2012-09-04,22.605000,22.770000,22.565001,22.745001,18.052502,702400
2012-09-05,22.860001,22.950001,22.730000,22.745001,18.052502,951000
2012-09-06,23.059999,23.395000,23.059999,23.290001,18.485062,636400
2012-09-07,23.434999,23.584999,23.389999,23.575001,18.711264,916000
2012-09-10,23.250000,23.295000,23.094999,23.150000,18.373941,734000
2012-09-11,23.365000,23.450001,23.299999,23.424999,18.592207,265000
2012-09-12,23.295000,23.315001,23.200001,23.264999,18.465221,228200
2012-09-13,23.375000,23.610001,23.325001,23.575001,18.711264,316800
2012-09-14,23.615000,23.875000,23.480000,23.629999,18.754915,731200
2012-09-17,23.680000,23.750000,23.575001,23.674999,18.790630,805800
2012-09-18,23.760000,23.815001,23.660000,23.735001,18.838255,499000
2012-09-19,23.870001,24.084999,23.775000,24.040001,19.080330,2372800
2012-09-20,23.850000,23.870001,23.705000,23.815001,18.901751,467000
2012-09-21,23.900000,24.100000,23.860001,24.070000,19.104139,795000
2012-09-24,23.764999,23.965000,23.750000,23.915001,18.981119,649800
2012-09-25,23.844999,23.975000,23.785000,23.815001,18.901751,2364000
2012-09-26,23.549999,23.600000,23.455000,23.594999,18.727137,1736800
2012-09-27,23.719999,23.924999,23.650000,23.915001,18.981119,840200
2012-09-28,23.490000,23.575001,23.330000,23.495001,18.647768,2654200
2012-10-01,23.879999,24.025000,23.855000,23.955000,19.012867,728600
2012-10-02,24.040001,24.065001,23.965000,24.025000,19.068426,940000
2012-10-03,23.969999,24.030001,23.889999,23.934999,18.996990,848400
2012-10-04,24.049999,24.424999,24.030001,24.400000,19.366058,336000
2012-10-05,24.575001,24.650000,24.504999,24.549999,19.485111,1310600
2012-10-08,24.559999,24.715000,24.504999,24.705000,19.608135,749000
2012-10-09,24.450001,24.594999,24.365000,24.365000,19.338276,755200
2012-10-10,24.230000,24.230000,24.049999,24.150000,19.167635,448000
2012-10-11,24.340000,24.389999,24.200001,24.215000,19.219225,347000
2012-10-12,24.459999,24.555000,24.200001,24.434999,19.393837,472000
2012-10-15,24.754999,24.790001,24.600000,24.785000,19.671631,714200
2012-10-16,24.905001,25.014999,24.830000,25.000000,19.842274,1420400
2012-10-17,24.915001,25.070000,24.895000,25.030001,19.866085,424000
2012-10-18,25.200001,25.330000,25.160000,25.275000,20.060537,767600
2012-10-19,25.340000,25.410000,25.150000,25.174999,19.981169,969600
2012-10-22,25.174999,25.200001,25.049999,25.075001,19.901800,851600
2012-10-23,24.525000,24.540001,24.365000,24.410000,19.373995,505400
2012-10-24,24.340000,24.344999,24.230000,24.250000,19.247004,2741000
2012-10-25,24.385000,24.410000,24.230000,24.389999,19.358122,2412200
2012-10-26,24.375000,24.424999,24.305000,24.370001,19.342247,1888200
2012-10-31,24.420000,24.445000,24.010000,24.010000,19.056519,674800
2012-11-01,24.135000,24.165001,24.004999,24.150000,19.167635,2420600
2012-11-02,23.850000,24.155001,23.850000,24.150000,19.167635,1659400
2012-11-05,24.090000,24.105000,23.965000,24.040001,19.080330,308800
2012-11-06,24.170000,24.355000,24.150000,24.315001,19.298594,1471600
2012-11-07,24.174999,24.174999,23.950001,24.075001,19.108107,3043800
2012-11-08,23.920000,23.920000,23.750000,23.820000,18.905716,1286400
2012-11-09,23.750000,23.850000,23.650000,23.715000,18.822378,452000
2012-11-12,23.635000,23.700001,23.600000,23.690001,18.802542,695800
2012-11-13,23.520000,23.895000,23.500000,23.745001,18.846193,500800
2012-11-14,23.855000,23.915001,23.740000,23.780001,18.873970,431800
2012-11-15,23.540001,23.620001,23.000000,23.275000,18.473156,495800
2012-11-16,23.200001,23.235001,22.945000,23.080000,18.318388,1462800
2012-11-19,23.315001,23.660000,23.315001,23.555000,18.695389,2570400
2012-11-20,23.350000,23.480000,23.305000,23.424999,18.592207,612400
2012-11-21,23.495001,23.625000,23.415001,23.565001,18.703327,1127200
2012-11-23,24.004999,24.180000,23.995001,24.180000,19.191446,77400
2012-11-26,24.030001,24.135000,23.975000,24.135000,19.155729,372200
2012-11-27,24.020000,24.084999,23.920000,24.084999,19.116043,771400
2012-11-28,24.010000,24.275000,24.010000,24.254999,19.250975,670800
2012-11-29,24.475000,24.565001,24.365000,24.475000,19.425585,651400
2012-11-30,24.475000,24.625000,24.469999,24.605000,19.528765,964600
2012-12-03,24.600000,24.665001,24.475000,24.525000,19.465271,672000
2012-12-04,24.549999,24.580000,24.424999,24.434999,19.393837,325800
2012-12-05,24.459999,24.559999,24.400000,24.415001,19.377964,1174400
2012-12-06,24.655001,24.655001,24.485001,24.500000,19.445425,877000
2012-12-07,24.645000,24.834999,24.645000,24.780001,19.667662,515000
2012-12-10,24.930000,25.110001,24.930000,25.090000,19.913708,537600
2012-12-11,25.225000,25.385000,25.184999,25.375000,20.139908,917800
2012-12-12,25.334999,25.415001,25.170000,25.305000,20.084349,1025600
2012-12-13,25.180000,25.309999,25.094999,25.174999,19.981169,893800
2012-12-14,25.219999,25.495001,25.135000,25.400000,20.159748,401200
2012-12-17,25.209999,25.360001,25.209999,25.285000,20.068474,397600
2012-12-18,25.395000,25.615000,25.389999,25.570000,20.294676,469400
2012-12-19,25.850000,25.875000,25.575001,25.650000,20.358171,523400
2012-12-20,25.434999,25.459999,25.225000,25.450001,20.199434,847400
2012-12-21,25.250000,25.670000,25.245001,25.670000,20.374044,1047600
2012-12-24,25.684999,25.700001,25.590000,25.625000,20.338327,365000
2012-12-26,25.629999,25.705000,25.625000,25.680000,20.381983,478000
2012-12-27,25.639999,25.639999,25.350000,25.525000,20.258959,810600
2012-12-28,25.400000,25.475000,25.100000,25.245001,20.036726,666200
2012-12-31,25.094999,25.410000,25.094999,25.250000,20.040693,638000
2013-01-02,25.584999,25.674999,25.525000,25.650000,20.358171,738600
2013-01-03,25.645000,25.750000,25.565001,25.615000,20.330391,1667600
2013-01-04,25.545000,25.815001,25.495001,25.790001,20.469290,301600
2013-01-07,25.594999,25.805000,25.514999,25.754999,20.441507,520600
2013-01-08,25.844999,26.040001,25.740000,25.965000,20.608185,600000
2013-01-09,25.910000,26.165001,25.879999,26.160000,20.762953,378600
2013-01-10,26.254999,26.450001,26.215000,26.440001,20.985189,309200
2013-01-11,26.690001,26.895000,26.625000,26.840000,21.302664,762000
2013-01-14,26.405001,26.639999,26.375000,26.549999,21.072491,1346200
2013-01-15,26.379999,26.600000,26.350000,26.514999,21.044714,818000
2013-01-16,26.549999,26.610001,26.389999,26.485001,21.020905,1308600
2013-01-17,26.795000,27.215000,26.680000,27.084999,21.497118,1563800
2013-01-18,26.745001,26.855000,26.575001,26.670000,21.167738,426400
2013-01-22,26.600000,26.645000,26.500000,26.625000,21.132021,599000
2013-01-23,26.959999,27.200001,26.910000,27.190001,21.580456,804400
2013-01-24,27.410000,27.605000,27.325001,27.575001,21.886026,1498800
2013-01-25,27.355000,27.510000,27.299999,27.500000,21.826500,686600
2013-01-28,27.375000,27.400000,27.225000,27.350000,21.707445,982600
2013-01-29,27.504999,27.590000,27.350000,27.490000,21.818563,837600
2013-01-30,27.025000,27.334999,27.020000,27.325001,21.687603,845000
2013-01-31,27.459999,27.805000,27.365000,27.740000,22.016987,815800
2013-02-01,28.040001,28.080000,27.895000,28.000000,22.223345,674800
2013-02-04,27.674999,27.740000,27.469999,27.674999,21.965395,508400
2013-02-05,27.865000,27.950001,27.790001,27.889999,22.136038,301200
2013-02-06,27.445000,27.750000,27.395000,27.690001,21.977301,421200
2013-02-07,27.395000,27.420000,26.940001,27.014999,21.441559,608600
2013-02-08,27.230000,27.650000,27.225000,27.504999,21.830467,1239800
2013-02-11,27.584999,27.584999,27.375000,27.455000,21.790781,289400
2013-02-12,27.459999,27.674999,27.459999,27.549999,21.866184,312200
2013-02-13,27.754999,27.860001,27.719999,27.855000,22.108259,6074000
2013-02-14,27.575001,27.875000,27.575001,27.820000,22.080481,356600
2013-02-15,27.965000,27.990000,27.850000,27.955000,22.187626,269000
2013-02-19,28.375000,28.670000,28.325001,28.584999,22.687653,949000
2013-02-20,28.825001,28.945000,28.709999,28.775000,22.838457,596200
2013-02-21,28.350000,28.360001,28.000000,28.170000,22.358274,685800
2013-02-22,28.110001,28.600000,28.110001,28.549999,22.659872,461800
2013-02-25,28.950001,29.000000,28.670000,28.670000,22.755117,902000
2013-02-26,28.655001,28.740000,28.370001,28.520000,22.636065,367800
2013-02-27,28.379999,28.620001,28.309999,28.565001,22.671780,906400
2013-02-28,28.660000,28.825001,28.594999,28.684999,22.767023,851200
2013-03-01,28.424999,28.549999,28.379999,28.450001,22.580509,673200
2013-03-04,28.549999,28.700001,28.495001,28.660000,22.747181,335800
2013-03-05,29.125000,29.170000,28.850000,28.915001,22.949575,939600
2013-03-06,29.135000,29.135000,28.750000,28.850000,22.897984,771800
2013-03-07,28.430000,28.500000,28.370001,28.395000,23.354883,2139200
2013-03-08,28.110001,28.110001,27.844999,28.000000,23.029993,1150400
2013-03-11,27.844999,28.275000,27.799999,28.275000,23.256182,961600
2013-03-12,28.424999,28.549999,28.299999,28.395000,23.354883,342200
2013-03-13,28.174999,28.174999,27.865000,27.950001,22.988871,801800
2013-03-14,27.985001,28.415001,27.985001,28.415001,23.371332,2627600
2013-03-15,28.635000,28.850000,28.525000,28.825001,23.708559,974800
2013-03-18,28.514999,28.745001,28.450001,28.625000,23.544056,1091000
2013-03-19,28.955000,29.055000,28.655001,28.725000,23.626307,2679600
2013-03-20,29.025000,29.270000,29.025000,29.150000,23.975868,1782800
2013-03-21,28.660000,28.805000,28.584999,28.700001,23.605745,800800
2013-03-22,28.735001,29.020000,28.700001,28.924999,23.790806,320600
2013-03-25,29.000000,29.080000,28.775000,28.940001,23.803143,626800
2013-03-26,28.775000,29.110001,28.775000,29.110001,23.942968,1407200
2013-03-27,28.610001,28.924999,28.575001,28.910000,23.778469,1472200
2013-03-28,28.965000,29.395000,28.900000,29.299999,24.099241,1906400
2013-04-01,29.225000,29.299999,29.125000,29.150000,23.975868,805400
2013-04-02,29.355000,29.600000,29.320000,29.500000,24.263742,1588400
2013-04-03,29.785000,29.975000,29.719999,29.754999,24.473482,1242000
2013-04-04,29.200001,29.615000,29.184999,29.590000,24.337769,1046600
2013-04-05,29.115000,29.670000,29.075001,29.605000,24.350107,834400
2013-04-08,29.820000,30.129999,29.725000,30.094999,24.753128,730000
2013-04-09,29.825001,29.985001,29.665001,29.889999,24.584517,1503000
2013-04-10,30.020000,30.495001,29.945000,30.420000,25.020441,484600
2013-04-11,30.264999,30.559999,30.200001,30.504999,25.090355,1114800
2013-04-12,30.155001,30.415001,30.075001,30.375000,24.983429,361200
2013-04-15,30.889999,31.225000,30.889999,31.025000,25.518055,1932600
2013-04-16,31.075001,31.205000,30.795000,30.969999,25.472820,1197200
2013-04-17,30.825001,30.850000,30.000000,30.059999,24.724342,777600
2013-04-18,30.320000,30.695000,30.180000,30.540001,25.119144,2891200
2013-04-19,30.475000,30.645000,30.350000,30.549999,25.127369,933200
2013-04-22,30.559999,30.559999,30.155001,30.254999,24.884731,1034800
2013-04-23,30.500000,30.655001,30.350000,30.545000,25.123257,1348600
2013-04-24,30.434999,30.650000,30.385000,30.520000,25.102694,882400
2013-04-25,30.520000,30.850000,30.520000,30.775000,25.312431,719800
2013-04-26,30.840000,30.934999,30.790001,30.934999,25.444029,713800
2013-04-29,31.065001,31.420000,31.065001,31.355000,25.789480,1087200
2013-04-30,31.090000,31.285000,31.035000,31.209999,25.670218,1208800
2013-05-01,31.264999,31.264999,30.850000,30.875000,25.394682,911000
2013-05-02,31.084999,31.240000,31.025000,31.150000,25.620869,1004400
2013-05-03,31.139999,31.620001,31.129999,31.385000,25.814157,589800
2013-05-06,31.165001,31.190001,31.004999,31.125000,25.600304,423600
2013-05-07,31.150000,31.165001,30.965000,31.125000,25.600304,494200
2013-05-08,31.600000,31.985001,31.600000,31.965000,26.291204,347400
2013-05-09,31.790001,31.860001,31.475000,31.549999,25.949867,549800
2013-05-10,31.620001,31.875000,31.500000,31.799999,26.155493,565800
2013-05-13,31.600000,31.764999,31.504999,31.750000,26.114368,260000
2013-05-14,31.594999,31.844999,31.500000,31.600000,25.990995,346000
2013-05-15,31.645000,32.240002,31.629999,32.220001,26.500946,1049400
2013-05-16,31.844999,32.090000,31.805000,31.870001,26.213070,1042800
2013-05-17,31.424999,31.665001,31.280001,31.565001,25.962206,654400
2013-05-20,31.750000,31.825001,31.570000,31.764999,26.126703,716000
2013-05-21,31.995001,32.490002,31.785000,32.355000,26.611980,767800
2013-05-22,32.950001,33.259998,32.750000,32.825001,26.998554,907400
2013-05-23,32.470001,32.950001,32.165001,32.779999,26.961542,3570800
2013-05-24,32.915001,33.044998,32.755001,32.980000,27.126043,970800
2013-05-28,32.665001,32.720001,32.299999,32.404999,26.653105,855600
2013-05-29,31.785000,32.165001,31.465000,31.945000,26.274755,3276200
2013-05-30,31.565001,31.900000,31.475000,31.860001,26.204844,891400
2013-05-31,31.299999,31.475000,31.065001,31.170000,25.637318,1245400
2013-06-03,30.215000,30.655001,29.750000,30.389999,24.995766,1231000
2013-06-04,30.535000,30.820000,30.459999,30.485001,25.073908,2100400
2013-06-05,30.870001,30.885000,30.490000,30.525000,25.106808,1505600
2013-06-06,30.350000,30.375000,30.049999,30.250000,24.880617,1121600
2013-06-07,30.674999,31.049999,30.600000,30.910000,25.423470,675600
2013-06-10,30.934999,31.299999,30.895000,31.260000,25.711344,395400
2013-06-11,30.740000,31.045000,30.655001,30.980000,25.481043,524800
2013-06-12,31.190001,31.299999,31.049999,31.135000,25.608532,528200
2013-06-13,31.004999,31.135000,30.910000,31.065001,25.550953,346000
2013-06-14,30.865000,30.930000,30.740000,30.825001,25.353558,522200
2013-06-17,31.184999,31.350000,31.049999,31.219999,25.678444,561400
2013-06-18,31.040001,31.250000,31.030001,31.225000,25.682558,463200
2013-06-19,31.115000,31.424999,30.860001,30.950001,25.456369,268400
2013-06-20,30.375000,30.385000,29.885000,29.955000,24.637980,1643600
2013-06-21,29.725000,29.844999,29.160000,29.375000,24.160931,1052400
2013-06-24,28.674999,28.975000,28.610001,28.920000,23.786694,979800
2013-06-25,28.830000,29.424999,28.695000,29.375000,24.160931,2630400
2013-06-26,30.120001,30.365000,30.075001,30.240000,24.872395,1842000
2013-06-27,30.975000,31.355000,30.745001,30.770000,25.308317,4988400
2013-06-28,30.665001,31.139999,30.545000,30.934999,25.444029,1602200
2013-07-01,30.995001,31.100000,30.900000,30.990000,25.489269,1301200
2013-07-02,30.780001,31.174999,30.745001,31.075001,25.559179,2192800
2013-07-03,30.730000,31.165001,30.690001,31.100000,25.579746,1190000
2013-07-05,31.105000,31.180000,30.915001,31.090000,25.571518,2984200
2013-07-08,31.115000,31.235001,31.110001,31.190001,25.653770,986400
2013-07-09,31.370001,31.415001,31.219999,31.254999,25.707230,1191600
2013-07-10,31.424999,31.740000,31.375000,31.575001,25.970432,922800
2013-07-11,32.134998,32.150002,31.825001,32.060001,26.369345,763400
2013-07-12,32.180000,32.299999,31.985001,32.000000,26.319992,1187800
2013-07-15,32.014999,32.040001,31.735001,31.934999,26.266531,762200
2013-07-16,31.684999,31.740000,31.400000,31.695000,26.069130,543400
2013-07-17,31.540001,31.650000,31.225000,31.225000,25.682558,3130400
2013-07-18,31.250000,31.285000,31.025000,31.090000,25.571518,2540600
2013-07-19,30.790001,31.230000,30.735001,31.205000,25.666105,714600
2013-07-22,31.055000,32.595001,31.040001,31.174999,25.641432,689400
2013-07-23,30.924999,30.980000,30.764999,30.980000,25.481043,460400
2013-07-24,31.430000,31.430000,31.025000,31.365000,25.797707,1142200
2013-07-25,31.580000,31.775000,31.445000,31.750000,26.114368,643000
2013-07-26,31.264999,31.530001,31.200001,31.500000,25.908743,298800
2013-07-29,31.150000,31.400000,31.139999,31.379999,25.810041,412800
2013-07-30,31.254999,31.280001,30.875000,30.875000,25.394682,990400
2013-07-31,30.605000,30.945000,30.480000,30.655001,25.213732,924600
2013-08-01,30.639999,30.830000,30.600000,30.735001,25.279531,1081600
2013-08-02,30.735001,30.924999,30.715000,30.725000,25.271305,1787800
2013-08-05,30.930000,31.025000,30.860001,31.014999,25.509832,617400
2013-08-06,31.629999,31.660000,31.299999,31.389999,25.818268,529000
2013-08-07,31.395000,31.674999,31.389999,31.540001,25.941647,381800
2013-08-08,31.665001,31.775000,31.500000,31.735001,26.102030,1825200
2013-08-09,31.910000,32.154999,31.905001,32.099998,26.402243,460000
2013-08-12,32.250000,32.470001,32.215000,32.380001,26.632544,276000
2013-08-13,32.095001,32.395000,31.915001,32.365002,26.620209,411600
2013-08-14,32.180000,32.340000,32.125000,32.299999,26.566742,732200
2013-08-15,31.725000,32.095001,31.530001,32.049999,26.361116,1444400
2013-08-16,31.915001,32.000000,31.809999,31.990000,26.311769,483000
2013-08-19,32.259998,32.395000,32.200001,32.255001,26.529734,1339800
2013-08-20,32.669998,32.840000,32.584999,32.770000,26.953318,1832400
2013-08-21,32.369999,32.974998,31.735001,32.235001,26.513281,1141000
2013-08-22,32.435001,32.794998,32.430000,32.794998,26.973879,585000
2013-08-23,32.404999,32.785000,32.355000,32.775002,26.957432,1026600
2013-08-26,32.735001,32.840000,32.700001,32.779999,26.961542,1079600
2013-08-27,32.395000,32.759998,32.389999,32.540001,26.764145,1805200
2013-08-28,31.860001,31.915001,31.750000,31.760000,26.122593,2387200
2013-08-29,31.315001,31.575001,31.270000,31.495001,25.904633,2262400
2013-08-30,31.264999,31.290001,31.125000,31.129999,25.604416,934000
2013-09-03,31.395000,31.459999,31.100000,31.219999,25.678444,1899800
2013-09-04,31.264999,31.525000,31.180000,31.520000,25.925196,1431200
2013-09-05,30.950001,31.100000,30.910000,30.990000,25.489269,1914200
2013-09-06,31.120001,31.400000,30.980000,31.320000,25.760695,1601800
2013-09-09,31.305000,31.750000,31.250000,31.695000,26.069130,401200
2013-09-10,31.735001,31.844999,31.690001,31.809999,26.163717,1086400
2013-09-11,31.920000,32.320000,31.885000,32.230000,26.509169,1337200
2013-09-12,31.879999,32.130001,31.834999,32.080002,26.385796,985600
2013-09-13,31.740000,31.924999,31.575001,31.830000,26.180170,1616000
2013-09-16,32.180000,32.244999,31.700001,31.770000,26.130817,1006200
2013-09-17,31.660000,31.799999,31.629999,31.795000,26.151381,1799600
2013-09-18,31.834999,32.900002,31.799999,32.884998,27.047905,1628200
2013-09-19,32.974998,33.070000,32.830002,33.020000,27.158945,887800
2013-09-20,33.305000,33.384998,33.150002,33.154999,27.269981,639400
2013-09-23,33.200001,33.250000,32.865002,32.919998,27.076693,964000
2013-09-24,32.980000,32.994999,32.750000,32.875000,27.039682,559400
2013-09-25,33.029999,33.235001,33.014999,33.040001,27.175392,847800
2013-09-26,33.294998,33.424999,33.224998,33.384998,27.459154,1554400
2013-09-27,33.625000,33.740002,33.595001,33.715000,27.730579,497600
2013-09-30,33.805000,33.834999,33.680000,33.764999,27.771708,509000
2013-10-01,33.965000,33.965000,33.730000,33.865002,27.853958,572800
2013-10-02,33.639999,33.674999,33.384998,33.599998,27.635992,516000
2013-10-03,33.595001,33.959999,33.400002,33.500000,27.553743,589000
2013-10-04,33.060001,33.139999,32.924999,32.945000,27.097256,1203800
2013-10-07,32.720001,32.990002,32.674999,32.705002,26.899857,633400
2013-10-08,32.750000,32.794998,32.330002,32.330002,26.591419,1167800
2013-10-09,31.934999,31.980000,31.750000,31.959999,26.287094,1255400
2013-10-10,32.220001,32.470001,32.160000,32.450001,26.690119,788800
2013-10-11,32.849998,32.924999,32.750000,32.869999,27.035568,633800
2013-10-14,32.889999,33.205002,32.820000,33.169998,27.282314,515400
2013-10-15,33.119999,33.250000,33.110001,33.235001,27.335783,407800
2013-10-16,33.294998,33.764999,33.279999,33.705002,27.722355,882800
2013-10-17,33.889999,34.070000,33.660000,34.025002,27.985556,909800
2013-10-18,33.660000,33.720001,33.419998,33.674999,27.697681,1178400
2013-10-21,33.529999,33.834999,33.490002,33.799999,27.800493,569200
2013-10-22,33.965000,34.575001,33.939999,34.549999,28.417364,997200
2013-10-23,34.630001,34.845001,33.174999,34.814999,28.635332,1368800
2013-10-24,34.955002,34.959999,34.715000,34.750000,28.581867,899800
2013-10-25,34.910000,34.910000,34.689999,34.840000,28.655893,1079800
2013-10-28,34.770000,34.950001,34.575001,34.855000,28.668228,736800
2013-10-29,34.820000,34.939999,34.639999,34.860001,28.672344,815600
2013-10-30,34.990002,35.000000,34.705002,34.849998,28.664118,654200
2013-10-31,34.724998,34.845001,34.520000,34.669998,28.516066,506800
2013-11-01,34.685001,34.764999,34.540001,34.730000,28.565414,492000
2013-11-04,34.674999,34.950001,34.639999,34.919998,28.721691,1014000
2013-11-05,34.389999,34.494999,34.165001,34.419998,28.310440,834800
2013-11-06,34.674999,34.799999,34.520000,34.639999,28.491388,390600
2013-11-07,34.235001,34.575001,34.025002,34.090000,28.039021,166400
2013-11-08,33.875000,34.275002,33.869999,34.244999,28.166504,1223600
2013-11-11,34.305000,34.360001,34.215000,34.330002,28.236422,375400
2013-11-12,34.325001,34.549999,34.275002,34.439999,28.326893,254600
2013-11-13,34.259998,34.645000,34.169998,34.645000,28.495506,505400
2013-11-14,34.500000,34.750000,34.435001,34.695000,28.536629,723000
2013-11-15,34.955002,34.955002,34.750000,34.814999,28.635332,442800
2013-11-18,35.244999,35.259998,35.049999,35.049999,28.828617,427800
2013-11-19,34.895000,34.935001,34.750000,34.785000,28.610657,558400
2013-11-20,34.814999,34.889999,34.445000,34.470001,28.351568,425200
2013-11-21,34.709999,34.785000,34.625000,34.720001,28.557194,697200
2013-11-22,35.014999,35.075001,34.924999,35.044998,28.824503,532200
2013-11-25,34.869999,34.955002,34.330002,34.805000,28.627108,735600
2013-11-26,34.755001,35.025002,34.750000,34.974998,28.766928,1250600
2013-11-27,34.945000,35.025002,34.790001,34.865002,28.676455,1244200
2013-11-29,35.020000,35.125000,34.915001,35.025002,28.808056,581400
2013-12-02,34.910000,35.080002,34.869999,34.875000,28.684681,397200
2013-12-03,34.720001,34.775002,34.264999,34.299999,28.211742,1087200
2013-12-04,33.735001,33.965000,33.599998,33.865002,27.853958,1424000
2013-12-05,34.014999,34.250000,33.939999,34.209999,28.137718,793400
2013-12-06,34.360001,34.474998,34.294998,34.430000,28.318668,1253800
2013-12-09,34.119999,34.200001,34.055000,34.055000,28.010231,838800
2013-12-10,33.740002,33.865002,33.660000,33.700001,27.718245,3878400
2013-12-11,33.900002,33.919998,33.555000,33.575001,27.615431,1381600
2013-12-12,33.355000,33.474998,33.099998,33.174999,27.286432,3129000
2013-12-13,32.924999,33.000000,32.680000,32.959999,27.109594,1892800
2013-12-16,33.125000,33.470001,33.044998,33.174999,27.286432,910000
2013-12-17,33.220001,33.220001,32.889999,33.095001,27.220633,727400
2013-12-18,33.160000,33.660000,33.160000,33.455002,27.516731,988200
2013-12-19,33.700001,33.904999,33.555000,33.825001,27.821056,1498000
2013-12-20,33.840000,34.105000,33.825001,34.105000,28.051353,1615200
2013-12-23,34.099998,34.299999,34.029999,34.224998,28.150055,2732400
2013-12-24,34.244999,34.430000,34.174999,34.430000,28.318668,949400
2013-12-26,34.435001,34.529999,34.400002,34.520000,28.392694,818400
2013-12-27,34.955002,35.125000,34.919998,35.020000,28.803944,693000
2013-12-30,34.930000,35.244999,34.750000,35.240002,28.984896,977600
2013-12-31,35.150002,35.290001,35.044998,35.099998,28.869741,475800
2014-01-02,34.680000,34.680000,34.200001,34.334999,28.240528,908600
2014-01-03,34.605000,34.840000,34.549999,34.805000,28.627108,459400
2014-01-06,34.790001,35.020000,34.755001,34.939999,28.738142,357600
2014-01-07,35.020000,35.075001,34.810001,35.025002,28.808056,885000
2014-01-08,34.935001,35.160000,34.860001,35.084999,28.857403,1901400
2014-01-09,35.174999,35.685001,35.025002,35.685001,29.350906,1111800
2014-01-10,35.490002,35.924999,35.450001,35.695000,29.359127,1780600
2014-01-13,35.485001,35.645000,35.410000,35.415001,29.128832,1020200
2014-01-14,35.189999,35.365002,35.119999,35.320000,29.050692,829800
2014-01-15,34.744999,34.845001,34.610001,34.764999,28.594204,1072000
2014-01-16,34.794998,34.915001,34.709999,34.875000,28.684681,682400
2014-01-17,34.474998,34.509998,34.305000,34.349998,28.252869,1437800
2014-01-21,34.259998,34.279999,34.025002,34.174999,28.108929,1059400
2014-01-22,34.090000,34.330002,34.070000,34.299999,28.211742,759800
2014-01-23,34.564999,34.720001,34.455002,34.695000,28.536629,961000
2014-01-24,34.154999,34.224998,33.930000,33.930000,27.907417,1261600
2014-01-27,33.665001,33.669998,33.255001,33.255001,27.352232,1606600
2014-01-28,33.584999,33.825001,33.549999,33.820000,27.816942,988000
2014-01-29,33.424999,33.799999,33.230000,33.299999,27.389242,654800
2014-01-30,34.189999,34.705002,34.174999,34.639999,28.491388,636000
2014-01-31,34.150002,34.480000,34.025002,34.299999,28.211742,1195600
2014-02-03,34.654999,34.755001,34.180000,34.209999,28.137718,775200
2014-02-04,34.330002,34.360001,34.174999,34.330002,28.236422,719600
2014-02-05,34.130001,34.264999,33.950001,34.244999,28.166504,518800
2014-02-06,34.619999,34.735001,34.544998,34.674999,28.520182,645600
2014-02-07,34.915001,35.564999,34.915001,35.525002,29.219305,11228200
2014-02-10,35.415001,35.669998,35.375000,35.630001,29.305668,592800
2014-02-11,35.615002,35.945000,35.544998,35.875000,29.507181,3308000
2014-02-12,35.544998,35.685001,35.465000,35.599998,29.280991,1188400
2014-02-13,35.869999,36.365002,35.825001,36.305000,29.860857,582400
2014-02-14,36.570000,37.500000,36.549999,36.950001,30.391371,930800
2014-02-18,37.250000,37.535000,37.250000,37.400002,30.761494,959800
2014-02-19,37.250000,37.389999,37.080002,37.090000,30.506517,1353000
2014-02-20,37.180000,37.325001,37.119999,37.270000,30.654566,751800
2014-02-21,37.325001,37.750000,37.270000,37.700001,31.008245,636800
2014-02-24,37.770000,38.209999,37.665001,38.029999,31.279661,1867400
2014-02-25,38.130001,38.255001,38.025002,38.165001,31.390709,1672400
2014-02-26,38.020000,38.185001,37.845001,38.070000,31.312567,670800
2014-02-27,38.189999,38.529999,38.110001,38.500000,31.666243,1414500
2014-02-28,38.599998,38.709999,38.270000,38.380001,31.567543,1623600
2014-03-03,37.090000,37.169998,36.599998,36.700001,30.185741,1172700
2014-03-04,37.240002,37.529999,37.240002,37.470001,30.819067,946100
2014-03-05,37.279999,37.439999,37.200001,37.220001,30.613441,471200
2014-03-06,37.259998,37.750000,37.000000,37.369999,31.671124,834200
2014-03-07,37.070000,37.080002,36.869999,37.049999,31.399927,468800
2014-03-10,36.889999,37.639999,36.820000,37.439999,31.730442,4208300
2014-03-11,37.279999,37.360001,37.080002,37.160000,31.493147,2095900
2014-03-12,36.889999,37.250000,36.889999,37.160000,31.493147,1603000
2014-03-13,36.880001,36.930000,36.349998,36.540001,30.967699,1714200
2014-03-14,36.590000,36.770000,36.180000,36.270000,30.738873,5207700
2014-03-17,36.560001,36.840000,36.549999,36.580002,31.001602,865300
2014-03-18,36.740002,37.299999,36.660000,37.230000,31.552473,968300
2014-03-19,37.150002,37.500000,36.750000,36.939999,31.306698,849200
2014-03-20,36.820000,37.209999,36.700001,37.080002,31.425350,498900
2014-03-21,37.490002,37.689999,37.400002,37.419998,31.713499,2129000
2014-03-24,37.130001,37.169998,36.540001,36.980000,31.340597,853900
2014-03-25,37.299999,37.880001,37.279999,37.689999,31.942322,1504800
2014-03-26,37.529999,37.650002,37.180000,37.189999,31.518570,706800
2014-03-27,37.240002,37.349998,37.000000,37.040001,31.391451,1533900
2014-03-28,37.500000,37.650002,37.410000,37.480000,31.764345,379800
2014-03-31,37.700001,37.820000,37.480000,37.720001,31.967751,841600
2014-04-01,37.490002,37.630001,37.369999,37.520000,31.798248,1086000
2014-04-02,37.200001,37.290001,37.060001,37.220001,31.543997,1188100
2014-04-03,37.349998,37.349998,37.080002,37.180000,31.510098,802800
2014-04-04,37.009998,37.040001,36.750000,36.750000,31.145672,472700
2014-04-07,36.599998,36.639999,36.290001,36.389999,30.840572,478100
2014-04-08,36.480000,36.540001,36.250000,36.389999,30.840572,498200
2014-04-09,36.290001,36.520000,36.080002,36.490002,30.925325,1482200
2014-04-10,36.470001,36.570000,36.110001,36.169998,30.654123,313900
2014-04-11,35.419998,35.810001,35.389999,35.419998,30.018492,1208500
2014-04-14,36.060001,36.259998,35.959999,36.200001,30.679550,495900
2014-04-15,36.200001,36.349998,35.709999,36.139999,30.628696,669700
2014-04-16,36.119999,36.180000,35.950001,36.169998,30.654123,640200
2014-04-17,36.080002,36.270000,35.919998,36.220001,30.696497,661800
2014-04-21,36.180000,36.560001,36.180000,36.509998,30.942266,738200
2014-04-22,36.410000,36.560001,36.270000,36.270000,30.738873,1138300
2014-04-23,36.660000,36.700001,36.220001,36.220001,30.696497,879600
2014-04-24,36.270000,36.340000,36.000000,36.189999,30.671074,549100
2014-04-25,36.169998,36.220001,36.009998,36.099998,30.594793,624800
2014-04-28,36.480000,36.520000,35.840000,36.189999,30.671074,713800
2014-04-29,36.080002,36.349998,36.080002,36.200001,30.679550,760100
2014-04-30,36.680000,36.700001,36.410000,36.650002,31.060925,1898600
2014-05-01,36.650002,36.700001,36.590000,36.660000,31.069397,1378700
2014-05-02,36.330002,36.439999,36.150002,36.270000,30.738873,1302500
2014-05-05,35.810001,36.110001,35.770000,36.020000,30.526997,421700
2014-05-06,36.029999,36.169998,35.939999,36.090000,30.586319,427000
2014-05-07,36.189999,36.220001,35.849998,35.950001,30.467670,775900
2014-05-08,36.040001,36.189999,35.770000,35.820000,30.357496,575800
2014-05-09,35.970001,36.189999,35.830002,36.099998,30.594793,623300
2014-05-12,36.029999,36.160000,35.900002,36.150002,30.637175,1203800
2014-05-13,36.090000,36.310001,35.950001,36.310001,30.772772,533400
2014-05-14,36.810001,36.990002,36.730000,36.750000,31.145672,1703600
2014-05-15,37.230000,37.439999,37.070000,37.400002,31.696550,503800
2014-05-16,37.730000,37.779999,37.419998,37.720001,31.967751,834100
2014-05-19,37.709999,37.860001,37.570000,37.740002,31.984701,566400
2014-05-20,37.290001,37.419998,37.150002,37.240002,31.560949,727600
2014-05-21,37.209999,37.310001,37.110001,37.150002,31.484674,1177800
2014-05-22,37.049999,37.580002,36.919998,37.520000,31.798248,951100
2014-05-23,37.480000,37.529999,37.369999,37.419998,31.713499,778200
2014-05-27,37.119999,37.240002,37.049999,37.189999,31.518570,601800
2014-05-28,36.939999,37.000000,36.830002,36.840000,31.221951,480000
2014-05-29,36.939999,37.119999,36.880001,37.119999,31.459246,331000
2014-05-30,36.939999,37.049999,36.869999,36.889999,31.264322,561300
2014-06-02,37.310001,37.549999,37.299999,37.549999,31.823675,772900
2014-06-03,37.279999,37.599998,37.230000,37.480000,31.764345,2117700
2014-06-04,37.490002,37.599998,37.369999,37.480000,31.764345,871700
2014-06-05,37.509998,37.740002,37.410000,37.740002,31.984701,978600
2014-06-06,37.400002,37.580002,37.259998,37.580002,31.849104,1957600
2014-06-09,37.419998,37.669998,37.389999,37.599998,31.866047,3344400
2014-06-10,37.810001,38.150002,37.779999,38.070000,32.264374,2249500
2014-06-11,37.770000,37.790001,37.549999,37.599998,31.866047,1540300
2014-06-12,37.389999,37.500000,37.320000,37.369999,31.671124,535900
2014-06-13,37.029999,37.060001,36.869999,36.930000,31.298225,467100
2014-06-16,37.029999,37.259998,36.980000,37.230000,31.552473,957900
2014-06-17,36.990002,37.139999,36.990002,37.080002,31.425350,806700
2014-06-18,37.040001,37.119999,36.869999,37.060001,31.408396,425700
2014-06-19,37.259998,37.369999,37.209999,37.310001,31.620272,416200
2014-06-20,37.490002,37.689999,37.459999,37.570000,31.840624,472200
2014-06-23,37.090000,37.139999,36.930000,37.139999,31.476198,572800
2014-06-24,37.029999,37.369999,36.810001,36.810001,31.196520,504300
2014-06-25,36.680000,36.790001,36.639999,36.770000,31.162622,477100
2014-06-26,36.599998,36.689999,36.450001,36.650002,31.060925,845300
2014-06-27,36.919998,37.099998,36.880001,37.090000,31.433823,329800
2014-06-30,37.320000,37.439999,37.209999,37.299999,31.611799,890400
2014-07-01,37.320000,37.439999,37.209999,37.290001,31.603323,577900
2014-07-02,37.080002,37.200001,36.959999,37.070000,31.416872,698500
2014-07-03,37.549999,37.680000,37.450001,37.650002,31.908422,252100
2014-07-07,37.439999,37.619999,37.400002,37.450001,31.738922,546300
2014-07-08,37.459999,37.560001,37.369999,37.480000,31.764345,259200
2014-07-09,37.099998,37.349998,36.990002,37.299999,31.611799,241900
2014-07-10,36.680000,36.900002,36.680000,36.860001,31.238901,377800
2014-07-11,36.599998,37.000000,36.570000,36.970001,31.332121,459100
2014-07-14,37.520000,37.619999,37.349998,37.369999,31.671124,432200
2014-07-15,37.610001,37.669998,37.400002,37.480000,31.764345,257700
2014-07-16,37.430000,37.430000,35.299999,36.900002,31.272800,913600
2014-07-17,36.810001,36.959999,36.450001,36.480000,30.916847,1395300
2014-07-18,36.490002,36.689999,36.459999,36.669998,31.077873,442400
2014-07-21,36.700001,36.750000,36.570000,36.720001,31.120245,1302200
2014-07-22,36.790001,36.950001,36.770000,36.830002,31.213478,763100
2014-07-23,36.830002,37.000000,36.700001,36.820000,31.204998,721100
2014-07-24,37.349998,37.369999,37.130001,37.240002,31.560949,405700
2014-07-25,37.009998,37.070000,36.830002,36.910000,31.281273,359500
2014-07-28,36.889999,36.950001,36.619999,36.770000,31.162622,501500
2014-07-29,36.779999,36.900002,36.549999,36.549999,30.976171,350000
2014-07-30,36.799999,36.910000,36.599998,36.830002,31.213478,583700
2014-07-31,36.720001,36.740002,36.310001,36.330002,30.789724,597000
2014-08-01,36.099998,36.400002,35.990002,36.270000,30.738873,448400
2014-08-04,36.259998,36.259998,35.900002,36.009998,30.518518,1158700
2014-08-05,36.430000,36.480000,35.959999,36.000000,30.510048,422000
2014-08-06,35.509998,35.970001,35.500000,35.849998,30.382917,430700
2014-08-07,35.720001,35.740002,35.410000,35.549999,30.128672,570900
2014-08-08,35.459999,35.939999,35.360001,35.919998,30.442244,480300
2014-08-11,35.900002,35.939999,35.730000,35.740002,30.289700,502300
2014-08-12,35.689999,35.810001,35.590000,35.700001,30.255798,630300
2014-08-13,35.849998,35.939999,35.750000,35.900002,30.425297,330800
2014-08-14,36.259998,36.349998,36.169998,36.330002,30.789724,1386000
2014-08-15,36.500000,36.529999,35.799999,36.139999,30.628696,582100
2014-08-18,36.310001,36.439999,36.250000,36.380001,30.832096,374400
2014-08-19,36.400002,36.669998,36.349998,36.639999,31.052444,654100
2014-08-20,36.490002,36.570000,36.349998,36.450001,30.891424,322600
2014-08-21,36.439999,36.529999,36.349998,36.439999,30.882946,434600
2014-08-22,36.450001,36.500000,36.320000,36.320000,30.781246,801600
2014-08-25,36.490002,36.720001,36.459999,36.570000,30.993122,511700
2014-08-26,36.660000,36.810001,36.590000,36.610001,31.027021,495300
2014-08-27,36.619999,36.779999,36.500000,36.630001,31.043974,569900
2014-08-28,36.310001,36.619999,36.220001,36.560001,30.984648,412200
2014-08-29,36.369999,36.540001,36.290001,36.509998,30.942266,591200
2014-09-02,36.419998,36.599998,36.369999,36.560001,30.984648,395300
2014-09-03,36.950001,36.990002,36.720001,36.759998,31.154144,437500
2014-09-04,36.430000,36.430000,36.150002,36.189999,30.671074,442600
2014-09-05,36.090000,36.320000,36.040001,36.290001,30.755825,281800
2014-09-08,36.220001,36.380001,36.060001,36.130001,30.620218,390600
2014-09-09,36.200001,36.400002,36.150002,36.320000,30.781246,702700
2014-09-10,36.240002,36.419998,36.160000,36.340000,30.798195,557600
2014-09-11,36.709999,36.939999,36.700001,36.900002,31.272800,756600
2014-09-12,36.669998,36.869999,36.590000,36.700001,31.103296,255900
2014-09-15,36.889999,36.990002,36.849998,36.959999,31.323648,485000
2014-09-16,36.990002,37.500000,36.990002,37.480000,31.764345,1047300
2014-09-17,37.459999,37.650002,37.290001,37.369999,31.671124,6096100
2014-09-18,37.840000,38.000000,37.790001,37.900002,32.120300,3577800
2014-09-19,37.630001,37.689999,37.520000,37.639999,31.899950,7539900
2014-09-22,37.810001,37.810001,37.599998,37.660000,31.916899,5561000
2014-09-23,37.490002,37.650002,37.410000,37.570000,31.840624,5408500
2014-09-24,37.529999,37.700001,37.459999,37.549999,31.823675,1494600
2014-09-25,37.520000,37.529999,37.110001,37.139999,31.476198,745900
2014-09-26,37.230000,37.250000,36.869999,36.990002,31.349075,1095000
2014-09-29,36.840000,36.970001,36.730000,36.900002,31.272800,583500
2014-09-30,36.820000,37.099998,36.779999,36.990002,31.349075,1811100
2014-10-01,37.139999,37.169998,36.650002,36.740002,31.137199,3037800
2014-10-02,36.660000,36.680000,36.169998,36.389999,30.840572,1562100
2014-10-03,36.119999,36.270000,36.000000,36.029999,30.535467,815600
2014-10-06,36.200001,36.430000,36.150002,36.270000,30.738873,3388000
2014-10-07,35.509998,35.549999,35.180000,35.200001,29.832045,671000
2014-10-08,35.119999,35.730000,35.049999,35.660000,30.221897,615300
2014-10-09,35.369999,35.430000,34.610001,34.650002,29.365917,1054800
2014-10-10,34.619999,34.759998,34.049999,34.349998,29.111670,574900
2014-10-13,34.770000,34.900002,34.430000,34.439999,29.187944,347500
2014-10-14,34.590000,34.779999,34.400002,34.529999,29.264219,634400
2014-10-15,34.080002,34.470001,33.860001,34.290001,29.060820,846400
2014-10-16,33.830002,34.759998,33.820000,34.660000,29.374393,1773200
2014-10-17,35.279999,35.599998,35.160000,35.410000,30.010021,1925100
2014-10-20,35.240002,35.849998,35.230000,35.849998,30.382917,1281900
2014-10-21,36.169998,36.400002,36.090000,36.389999,30.840572,2136200
2014-10-22,36.599998,36.650002,36.290001,36.349998,30.806669,738600
2014-10-23,36.599998,36.799999,36.380001,36.650002,31.060925,1056500
2014-10-24,36.509998,36.619999,36.410000,36.580002,31.001602,812600
2014-10-27,36.380001,36.610001,36.349998,36.580002,31.001602,392400
2014-10-28,36.830002,36.959999,36.700001,36.880001,31.255850,487200
2014-10-29,36.959999,37.139999,36.669998,36.730000,31.128719,766800
2014-10-30,36.700001,37.290001,36.700001,37.180000,31.510098,423100
2014-10-31,37.029999,37.110001,36.689999,36.810001,31.196520,2737200
2014-11-03,36.310001,36.349998,36.080002,36.299999,30.764297,572000
2014-11-04,36.779999,36.930000,36.680000,36.799999,31.188047,500400
2014-11-05,37.099998,37.230000,36.980000,37.220001,31.543997,2772000
2014-11-06,36.919998,37.060001,36.840000,36.990002,31.349075,1555700
2014-11-07,36.419998,36.660000,36.299999,36.560001,30.984648,1677800
2014-11-10,36.560001,36.790001,36.490002,36.730000,31.128719,434600
2014-11-11,36.830002,37.150002,36.709999,37.029999,31.382971,646800
2014-11-12,36.660000,36.820000,36.580002,36.680000,31.086348,518800
2014-11-13,36.720001,37.029999,36.650002,37.020000,31.374500,544700
2014-11-14,36.689999,38.000000,36.639999,36.919998,31.289749,1115300
2014-11-17,36.619999,37.020000,36.590000,36.959999,31.323648,313400
2014-11-18,37.279999,37.459999,37.240002,37.450001,31.738922,378400
2014-11-19,37.590000,37.849998,37.509998,37.660000,31.916899,1114000
2014-11-20,37.509998,37.740002,37.430000,37.669998,31.925375,654600
2014-11-21,37.560001,37.610001,37.230000,37.290001,31.603323,629400
2014-11-24,37.310001,37.400002,37.200001,37.349998,31.654167,441000
2014-11-25,37.169998,37.310001,37.049999,37.209999,31.535524,491300
2014-11-26,37.189999,37.419998,37.189999,37.410000,31.705023,392200
2014-11-28,37.410000,37.570000,37.250000,37.459999,31.747398,370500
2014-12-01,37.830002,37.980000,37.250000,37.919998,32.137249,422400
2014-12-02,37.639999,37.740002,37.529999,37.650002,31.908422,965800
2014-12-03,37.349998,37.529999,37.310001,37.450001,31.738922,2096400
2014-12-04,37.770000,37.919998,37.520000,37.660000,31.916899,992400
2014-12-05,37.430000,37.810001,37.360001,37.720001,31.967751,2499000
2014-12-08,37.630001,37.709999,37.439999,37.490002,31.772825,678100
2014-12-09,37.680000,37.730000,37.430000,37.509998,31.789776,1203000
2014-12-10,37.480000,37.520000,37.209999,37.279999,31.594845,708900
2014-12-11,37.520000,37.869999,37.500000,37.599998,31.866047,871100
2014-12-12,37.509998,37.599998,36.860001,36.860001,31.238901,887800
2014-12-15,36.730000,36.810001,36.099998,36.110001,30.603273,1037900
2014-12-16,36.020000,36.660000,35.950001,36.310001,30.772772,787300
2014-12-17,36.099998,36.299999,35.759998,36.040001,30.543945,1109400
2014-12-18,36.709999,37.060001,36.570000,36.900002,31.272800,1227300
2014-12-19,34.770000,34.790001,34.200001,34.470001,29.213369,7567100
2014-12-22,34.869999,34.910000,34.599998,34.720001,29.425245,1549400
2014-12-23,34.720001,34.810001,33.900002,34.290001,29.060820,4093700
2014-12-24,34.330002,34.400002,34.230000,34.279999,29.052343,2378500
2014-12-26,34.290001,34.349998,34.200001,34.230000,29.009970,2045200
2014-12-29,34.410000,34.419998,34.049999,34.160000,28.950647,1064600
2014-12-30,34.099998,34.299999,34.049999,34.279999,29.052343,1609800
2014-12-31,34.259998,34.279999,33.980000,33.990002,28.806570,1618100
2015-01-02,33.970001,34.040001,33.799999,33.910000,28.738768,1647600
2015-01-05,34.470001,34.500000,34.020000,34.029999,28.840466,2276500
2015-01-06,34.369999,34.450001,33.849998,33.900002,28.730293,1212500
2015-01-07,33.639999,34.020000,33.599998,33.990002,28.806570,2023200
2015-01-08,34.490002,34.810001,34.250000,34.279999,29.052343,2358900
2015-01-09,34.369999,34.529999,34.130001,34.450001,29.196419,2446900
2015-01-12,34.990002,35.000000,34.610001,34.660000,29.374393,1070100
2015-01-13,34.980000,35.209999,34.580002,34.810001,29.501524,1092500
2015-01-14,34.820000,35.220001,34.650002,35.189999,29.823568,2445900
2015-01-15,36.470001,36.660000,35.189999,36.209999,30.688025,7864600
2015-01-16,36.060001,36.650002,35.860001,36.509998,30.942266,6525900
2015-01-20,36.880001,36.939999,36.250000,36.320000,30.781246,1977700
2015-01-21,36.099998,36.330002,35.599998,35.970001,30.484621,1868000
2015-01-22,34.820000,34.910000,34.560001,34.709999,29.416769,1216000
2015-01-23,35.619999,35.730000,35.240002,35.340000,29.950693,2305900
2015-01-26,35.520000,35.619999,35.400002,35.480000,30.069345,937500
2015-01-27,35.639999,35.810001,35.419998,35.700001,30.255798,984400
2015-01-28,35.279999,35.340000,34.349998,34.470001,29.213369,1342000
2015-01-29,34.119999,34.439999,33.790001,34.380001,29.137094,818900
2015-01-30,33.990002,34.119999,33.700001,33.759998,28.611643,689300
2015-02-02,33.669998,33.720001,33.400002,33.650002,28.518419,2618600
2015-02-03,33.380001,33.570000,33.160000,33.480000,28.374344,3252400
2015-02-04,34.320000,34.340000,33.950001,34.040001,28.848944,1566300
2015-02-05,33.880001,33.880001,33.639999,33.810001,28.654018,1340500
2015-02-06,33.750000,33.930000,33.560001,33.650002,28.518419,1275900
2015-02-09,33.099998,33.290001,32.779999,32.900002,27.882793,11635400
2015-02-10,33.049999,33.200001,32.880001,32.970001,27.942120,5899600
2015-02-11,32.860001,33.000000,32.549999,32.689999,27.704817,1665800
2015-02-12,32.310001,32.619999,32.290001,32.459999,27.509892,2616200
2015-02-13,32.549999,32.709999,32.459999,32.599998,27.628542,2075700
2015-02-17,33.450001,33.509998,33.299999,33.480000,28.374344,1901800
2015-02-18,33.500000,33.540001,33.150002,33.330002,28.247217,736800
2015-02-19,33.700001,33.849998,33.450001,33.560001,28.442144,1863600
2015-02-20,33.599998,34.400002,33.549999,34.320000,29.086245,1169100
2015-02-23,34.320000,34.369999,33.970001,34.060001,28.865894,1864300
2015-02-24,33.689999,33.889999,33.639999,33.880001,28.713345,906300
2015-02-25,33.830002,33.950001,33.660000,33.900002,28.730293,1360300
2015-02-26,33.759998,33.990002,33.709999,33.860001,28.696394,1328600
2015-02-27,34.029999,34.200001,33.830002,34.130001,28.925222,1956200
2015-03-02,33.950001,34.220001,33.939999,33.990002,28.806570,1322000
2015-03-03,34.349998,34.799999,34.000000,34.349998,29.111670,1432500
2015-03-04,33.580002,33.580002,32.980000,33.150002,29.010157,1102400
2015-03-05,33.160000,33.220001,32.720001,32.799999,28.703863,6810100
2015-03-06,33.060001,33.240002,32.810001,32.950001,28.835133,1373300
2015-03-09,32.930000,33.110001,32.770000,33.049999,28.922644,1564500
2015-03-10,32.599998,32.709999,32.320000,32.490002,28.432579,1449900
2015-03-11,32.310001,32.459999,32.080002,32.099998,28.091280,1628600
2015-03-12,32.599998,33.130001,32.490002,33.130001,28.992653,997700
2015-03-13,32.599998,32.950001,32.570000,32.919998,28.808878,662100
2015-03-16,32.840000,33.099998,32.799999,32.849998,28.747618,914000
2015-03-17,32.950001,33.070000,32.830002,33.000000,28.878889,555100
2015-03-18,33.290001,34.250000,33.230000,34.150002,29.885275,731800
2015-03-19,33.980000,34.330002,33.980000,34.290001,30.007793,771900
2015-03-20,34.990002,35.240002,34.869999,35.169998,30.777893,900100
2015-03-23,35.419998,35.480000,35.290001,35.330002,30.917912,1022300
2015-03-24,35.480000,35.549999,35.299999,35.299999,30.891659,1680100
2015-03-25,35.360001,35.419998,34.790001,34.889999,30.532864,1180400
2015-03-26,34.700001,34.720001,34.110001,34.330002,30.042797,1483500
2015-03-27,34.369999,34.560001,34.099998,34.250000,29.972786,1433100
2015-03-30,34.169998,34.419998,34.139999,34.209999,29.937780,349600
2015-03-31,34.619999,34.770000,34.349998,34.380001,30.086552,1180400
2015-04-01,34.639999,34.709999,34.419998,34.549999,30.235319,732900
2015-04-02,34.889999,34.930000,34.669998,34.779999,30.436598,647300
2015-04-06,34.970001,35.099998,34.799999,34.880001,30.524111,402100
2015-04-07,35.340000,35.500000,35.110001,35.200001,30.804146,479200
2015-04-08,35.410000,35.470001,35.090000,35.160000,30.769142,548700
2015-04-09,35.439999,35.500000,35.169998,35.270000,30.865406,703300
2015-04-10,35.310001,35.529999,35.290001,35.520000,31.084187,351800
2015-04-13,35.279999,35.549999,35.250000,35.419998,30.996674,492300
2015-04-14,35.330002,35.650002,35.330002,35.619999,31.171698,411000
2015-04-15,35.529999,35.750000,35.389999,35.709999,31.250460,450800
2015-04-16,35.740002,36.000000,35.680000,35.990002,31.495493,333200
2015-04-17,35.599998,35.900002,35.290001,35.439999,31.014175,611200
2015-04-20,35.709999,35.860001,35.570000,35.619999,31.171698,339000
2015-04-21,35.810001,35.980000,35.669998,35.849998,31.372971,438100
2015-04-22,36.119999,36.230000,35.869999,35.970001,31.477985,639600
2015-04-23,36.070000,36.660000,36.029999,36.540001,31.976805,834100
2015-04-24,36.279999,36.330002,36.080002,36.240002,31.714273,412500
2015-04-27,36.360001,36.660000,36.160000,36.200001,31.679270,653900
2015-04-28,35.529999,35.910000,35.459999,35.820000,31.346718,657300
2015-04-29,35.709999,36.060001,33.669998,35.599998,31.154196,1024300
2015-04-30,35.560001,35.910000,35.509998,35.880001,31.399229,457300
2015-05-01,35.889999,36.169998,35.840000,36.040001,31.539246,713100
2015-05-04,35.980000,36.049999,35.820000,36.049999,31.547995,344900
2015-05-05,36.520000,36.540001,35.810001,35.930000,31.442982,637500
2015-05-06,36.099998,36.110001,35.549999,35.689999,31.232954,485500
2015-05-07,35.529999,35.590000,35.110001,35.259998,30.856651,762400
2015-05-08,35.799999,36.029999,35.689999,35.880001,31.399229,590600
2015-05-11,35.470001,35.860001,35.450001,35.810001,31.337969,1091300
2015-05-12,35.720001,35.889999,35.680000,35.759998,31.294212,435500
2015-05-13,36.290001,36.770000,36.270000,36.740002,32.151829,981700
2015-05-14,37.450001,38.250000,37.250000,37.990002,33.245728,1569000
2015-05-15,37.240002,37.509998,37.139999,37.470001,32.790668,614600
2015-05-18,37.549999,37.610001,37.349998,37.480000,32.799412,581500
2015-05-19,37.169998,37.279999,37.029999,37.080002,32.449371,484600
2015-05-20,36.889999,37.400002,36.750000,37.099998,32.466873,577400
2015-05-21,37.299999,37.340000,37.090000,37.180000,32.536880,572100
2015-05-22,36.889999,36.980000,36.650002,36.830002,32.230591,2055200
2015-05-26,36.680000,36.709999,36.169998,36.240002,31.714273,885200
2015-05-27,36.639999,37.070000,36.639999,36.889999,32.283096,1449400
2015-05-28,37.139999,37.430000,37.110001,37.400002,32.729408,485300
2015-05-29,37.169998,38.540001,36.570000,38.459999,33.657032,3093300
2015-06-01,37.480000,37.520000,36.889999,37.000000,32.379356,1137200
2015-06-02,36.930000,37.009998,36.740002,36.840000,32.239342,968200
2015-06-03,37.060001,37.250000,36.900002,36.959999,32.344353,526300
2015-06-04,36.849998,37.090000,36.570000,36.630001,32.055565,974900
2015-06-05,35.910000,36.160000,35.689999,36.070000,31.565500,1244200
2015-06-08,36.049999,36.290001,35.959999,36.259998,31.731773,384500
2015-06-09,35.779999,35.900002,35.610001,35.779999,31.311714,2070400
2015-06-10,36.700001,36.950001,36.509998,36.790001,32.195583,5916500
2015-06-11,36.900002,36.930000,36.599998,36.830002,32.230591,6126500
2015-06-12,36.279999,36.389999,36.040001,36.040001,31.539246,2808300
2015-06-15,35.340000,35.450001,35.160000,35.439999,31.014175,5284000
2015-06-16,35.720001,35.919998,35.520000,35.529999,31.092936,634900
2015-06-17,35.709999,35.770000,35.349998,35.650002,31.197952,777200
2015-06-18,35.470001,36.000000,35.450001,35.849998,31.372971,705600
2015-06-19,35.939999,36.150002,35.750000,35.889999,31.407978,1327200
2015-06-22,36.380001,36.660000,36.330002,36.439999,31.889296,627700
2015-06-23,36.360001,36.570000,36.299999,36.540001,31.976805,1329600
2015-06-24,35.900002,36.189999,35.860001,36.070000,31.565500,1121300
2015-06-25,36.049999,36.189999,35.939999,36.040001,31.539246,1074200
2015-06-26,36.049999,36.200001,35.880001,36.150002,31.635509,773900
2015-06-29,35.500000,35.750000,35.230000,35.310001,30.900412,4226600
2015-06-30,35.529999,35.619999,34.880001,35.070000,30.690382,1084500
2015-07-01,35.389999,35.540001,35.000000,35.139999,30.751640,739100
2015-07-02,35.369999,35.470001,35.090000,35.169998,30.777893,591100
2015-07-06,34.849998,35.250000,34.790001,35.090000,30.707886,421700
2015-07-07,34.930000,35.130001,34.209999,35.070000,30.690382,993600
2015-07-08,34.880001,34.950001,34.700001,34.849998,30.497858,1077700
2015-07-09,35.520000,35.639999,35.330002,35.419998,30.996674,1199800
2015-07-10,36.470001,36.599998,36.310001,36.540001,31.976805,1109200
2015-07-13,36.580002,36.700001,36.459999,36.680000,32.099323,611800
2015-07-14,36.820000,36.880001,36.720001,36.840000,32.239342,658200
2015-07-15,36.709999,36.910000,36.299999,36.360001,31.819286,823400
2015-07-16,36.730000,36.939999,36.650002,36.869999,32.265591,460300
2015-07-17,36.439999,36.549999,36.290001,36.540001,31.976805,2297400
2015-07-20,36.599998,36.689999,36.419998,36.540001,31.976805,662700
2015-07-21,36.400002,36.480000,36.189999,36.480000,31.924299,298900
2015-07-22,35.820000,36.230000,35.630001,36.150002,31.635509,644000
2015-07-23,36.459999,36.500000,36.200001,36.330002,31.793032,1749600
2015-07-24,36.259998,36.290001,35.869999,35.959999,31.469236,492000
2015-07-27,35.860001,35.889999,35.529999,35.599998,31.154196,752300
2015-07-28,35.689999,36.169998,35.570000,36.070000,31.565500,560100
2015-07-29,36.169998,36.369999,35.939999,36.090000,31.582998,2245500
2015-07-30,35.810001,36.070000,35.639999,36.049999,31.547995,1760100
2015-07-31,36.450001,36.490002,36.070000,36.110001,31.600504,572100
2015-08-03,36.169998,36.290001,35.900002,35.950001,31.460487,1015100
2015-08-04,36.110001,36.150002,35.849998,35.919998,31.434229,589100
2015-08-05,35.570000,35.939999,35.549999,35.900002,31.416731,401100
2015-08-06,35.700001,35.779999,35.520000,35.610001,31.162945,314300
2015-08-07,35.150002,35.310001,34.980000,35.200001,30.804146,303900
2015-08-10,35.259998,35.740002,35.259998,35.740002,31.276711,456800
2015-08-11,35.360001,35.439999,35.160000,35.330002,30.917912,311200
2015-08-12,35.040001,35.169998,34.700001,35.080002,30.699133,327600
2015-08-13,35.570000,35.599998,35.250000,35.330002,30.917912,252500
2015-08-14,35.369999,35.490002,35.200001,35.389999,30.970417,643600
2015-08-17,35.360001,35.689999,35.299999,35.630001,31.180450,274300
2015-08-18,35.400002,35.599998,35.349998,35.490002,31.057932,347300
2015-08-19,35.349998,35.590000,35.180000,35.560001,31.119192,495500
2015-08-20,35.310001,35.349998,34.910000,34.939999,30.576616,429700
2015-08-21,34.689999,34.770000,33.820000,34.080002,29.824018,938300
2015-08-24,33.189999,33.880001,32.849998,33.880001,29.648993,4285500
2015-08-25,34.849998,34.900002,33.950001,33.950001,29.710249,958800
2015-08-26,34.330002,34.389999,33.799999,34.369999,30.077799,1605500
2015-08-27,34.630001,34.869999,34.500000,34.849998,30.497858,639000
2015-08-28,34.130001,34.340000,34.020000,34.160000,29.894028,749500
2015-08-31,34.070000,34.299999,33.860001,34.160000,29.894028,528900
2015-09-01,33.349998,33.540001,33.209999,33.369999,29.202679,501500
2015-09-02,33.220001,33.349998,33.020000,33.320000,29.158924,6825100
2015-09-03,33.580002,33.689999,33.369999,33.400002,29.228937,4777800
2015-09-04,33.119999,33.410000,33.049999,33.360001,29.193928,2255300
2015-09-08,33.270000,33.490002,33.220001,33.490002,29.307699,3251700
2015-09-09,33.689999,33.709999,33.110001,33.139999,29.001406,3107500
2015-09-10,33.349998,33.540001,33.169998,33.290001,29.132673,4273600
2015-09-11,33.400002,33.630001,33.290001,33.619999,29.421461,1994900
2015-09-14,33.389999,33.430000,33.110001,33.259998,29.106415,436400
2015-09-15,33.500000,33.619999,33.310001,33.540001,29.351452,1090700
2015-09-16,33.720001,33.810001,33.500000,33.799999,29.578981,833000
2015-09-17,33.310001,33.860001,33.160000,33.580002,29.386459,515700
2015-09-18,33.290001,33.580002,33.169998,33.169998,29.027657,444900
2015-09-21,33.490002,33.520000,32.959999,33.080002,28.948900,655200
2015-09-22,32.169998,32.240002,31.920000,32.200001,28.178795,1494800
2015-09-23,32.240002,32.270000,31.639999,31.650000,27.697479,781300
2015-09-24,31.750000,31.840000,31.500000,31.770000,27.802492,1042300
2015-09-25,32.150002,32.330002,31.610001,31.700001,27.741234,814600
2015-09-28,33.009998,33.029999,31.959999,31.980000,27.986267,1271600
2015-09-29,32.060001,32.529999,32.009998,32.330002,28.292562,742000
2015-09-30,32.860001,32.970001,32.700001,32.950001,28.835133,2265200
2015-10-01,33.230000,33.279999,32.799999,33.220001,29.071413,1287600
2015-10-02,32.770000,33.330002,32.639999,33.320000,29.158924,1513000
2015-10-05,33.299999,33.590000,33.279999,33.439999,29.263941,1035300
2015-10-06,33.500000,33.599998,33.360001,33.529999,29.342701,814700
2015-10-07,32.759998,32.779999,32.200001,32.549999,28.485085,2131300
2015-10-08,32.459999,33.610001,32.389999,33.250000,29.097666,823700
2015-10-09,33.169998,33.209999,32.730000,32.860001,28.756372,806400
2015-10-12,32.959999,33.160000,32.930000,33.000000,28.878889,653700
2015-10-13,33.299999,33.490002,33.160000,33.180000,29.036409,755500
2015-10-14,33.020000,33.240002,32.959999,33.020000,28.896393,874500
2015-10-15,33.060001,33.560001,33.029999,33.560001,29.368956,716800
2015-10-16,33.919998,34.209999,33.869999,34.180000,29.911528,1606800
2015-10-19,34.060001,34.139999,33.910000,33.950001,29.710249,633000
2015-10-20,33.980000,34.000000,33.500000,33.500000,29.316448,462200
2015-10-21,33.220001,33.279999,32.970001,33.029999,28.905140,991000
2015-10-22,33.290001,33.799999,33.169998,33.509998,29.325197,967200
2015-10-23,33.770000,33.950001,33.650002,33.950001,29.710249,949700
2015-10-26,33.650002,33.820000,33.500000,33.570000,29.377707,433300
2015-10-27,33.410000,33.610001,33.259998,33.430000,29.255192,982200
2015-10-28,33.970001,34.080002,33.459999,33.889999,29.657742,1061200
2015-10-29,33.660000,34.009998,33.650002,33.959999,29.719000,621600
2015-10-30,33.939999,34.130001,33.860001,33.910000,29.675243,946900
2015-11-02,33.810001,33.919998,33.639999,33.720001,29.508974,966700
2015-11-03,33.730000,33.919998,33.610001,33.889999,29.657742,370700
2015-11-04,34.240002,34.240002,33.700001,33.740002,29.526478,1762600
2015-11-05,34.360001,34.369999,33.970001,34.060001,29.806513,1828500
2015-11-06,33.849998,33.860001,33.430000,33.580002,29.386459,483700
2015-11-09,33.240002,33.299999,33.099998,33.299999,29.141420,526500
2015-11-10,32.919998,33.099998,32.849998,33.090000,28.957647,563800
2015-11-11,33.320000,33.340000,32.990002,33.020000,28.896393,573800
2015-11-12,33.020000,33.490002,33.020000,33.299999,29.141420,1721100
2015-11-13,32.720001,33.209999,32.720001,33.130001,28.992653,1648900
2015-11-16,32.770000,33.279999,32.720001,33.279999,29.123919,1454400
2015-11-17,33.290001,33.529999,33.230000,33.279999,29.123919,825600
2015-11-18,33.439999,33.459999,33.169998,33.400002,29.228937,7091900
2015-11-19,33.599998,33.669998,33.369999,33.430000,29.255192,1124700
2015-11-20,33.660000,33.779999,33.369999,33.400002,29.228937,1817900
2015-11-23,33.259998,33.389999,33.130001,33.189999,29.045158,1168300
2015-11-24,32.740002,33.040001,32.639999,32.900002,28.791380,1291100
2015-11-25,33.380001,33.430000,33.180000,33.189999,29.045158,587400
2015-11-27,33.320000,33.540001,33.290001,33.490002,29.307699,371500
2015-11-30,33.660000,33.750000,33.490002,33.490002,29.307699,778500
2015-12-01,33.610001,33.700001,33.330002,33.630001,29.430214,1296000
2015-12-02,34.040001,34.150002,33.910000,34.029999,29.780256,705200
2015-12-03,34.070000,34.090000,33.750000,33.889999,29.657742,389900
2015-12-04,33.950001,34.459999,33.939999,34.450001,30.147810,422500
2015-12-07,34.330002,34.349998,34.119999,34.279999,29.999041,972000
2015-12-08,34.029999,34.270000,34.000000,34.180000,29.911528,440900
2015-12-09,34.080002,34.209999,33.520000,33.880001,29.648993,647300
2015-12-10,34.150002,34.250000,33.820000,33.900002,29.666494,1232000
2015-12-11,34.040001,34.110001,33.700001,33.730000,29.517723,2118300
2015-12-14,33.930000,34.029999,33.380001,33.540001,29.351452,4194900
2015-12-15,33.709999,33.950001,33.680000,33.849998,29.622736,1170300
2015-12-16,34.279999,34.639999,34.139999,34.529999,30.217817,1278700
2015-12-17,34.049999,34.119999,33.700001,33.840000,29.613985,700000
2015-12-18,33.959999,34.040001,33.529999,33.689999,29.482718,491400
2015-12-21,34.119999,34.169998,33.650002,33.779999,29.561478,1046500
2015-12-22,33.900002,34.139999,33.799999,34.090000,29.832767,503000
2015-12-23,34.189999,34.570000,34.130001,34.509998,30.200312,459300
2015-12-24,34.470001,34.639999,34.439999,34.590000,30.270325,240000
2015-12-28,34.680000,34.799999,34.540001,34.790001,30.445351,602900
2015-12-29,34.950001,35.099998,34.900002,35.060001,30.681633,491500
2015-12-30,35.099998,35.130001,34.849998,35.080002,30.699133,723300
2015-12-31,34.959999,34.959999,34.439999,34.470001,30.165312,760800
2016-01-04,34.119999,34.240002,33.779999,34.169998,29.902777,800300
2016-01-05,34.160000,34.240002,33.910000,34.200001,29.929031,553900
2016-01-06,33.590000,33.790001,33.509998,33.669998,29.465216,560200
2016-01-07,33.610001,33.820000,33.480000,33.599998,29.403957,6652600
2016-01-08,33.529999,33.540001,32.770000,32.770000,28.677610,553500
2016-01-11,33.029999,33.040001,32.529999,32.759998,28.668858,703700
2016-01-12,33.080002,33.230000,32.799999,33.180000,29.036409,596100
2016-01-13,33.130001,33.200001,32.459999,32.520000,28.458832,1015200
2016-01-14,32.599998,32.900002,32.450001,32.900002,28.791380,845300
2016-01-15,31.889999,32.360001,31.709999,31.920000,27.933762,707300
2016-01-19,32.310001,32.480000,32.070000,32.340000,28.301310,1075700
2016-01-20,31.959999,32.160000,31.370001,32.009998,28.012520,4336000
2016-01-21,32.009998,32.090000,31.600000,31.900000,27.916260,702100
2016-01-22,32.680000,32.869999,32.520000,32.799999,28.703863,866500
2016-01-25,32.480000,32.900002,32.430000,32.669998,28.590097,570600
2016-01-26,32.529999,32.790001,32.459999,32.720001,28.633858,2999600
2016-01-27,33.020000,33.270000,32.680000,32.849998,28.747618,554600
2016-01-28,32.279999,32.290001,31.549999,31.870001,27.890007,2256000
2016-01-29,32.009998,32.430000,31.850000,32.419998,28.371317,2613300
2016-02-01,32.259998,32.529999,32.110001,32.470001,28.415077,765400
2016-02-02,32.020000,32.090000,31.650000,31.709999,27.749985,1650200
2016-02-03,32.169998,32.540001,31.719999,32.540001,28.476336,2420800
2016-02-04,31.730000,32.099998,31.629999,32.070000,28.065027,3124800
2016-02-05,32.029999,32.060001,31.549999,31.690001,27.732485,1255400
2016-02-08,31.160000,31.309999,30.930000,31.250000,27.347431,896900
2016-02-09,30.969999,31.430000,30.850000,31.139999,27.251169,527400
2016-02-10,31.480000,31.700001,31.330000,31.379999,27.461195,470500
2016-02-11,31.290001,31.290001,30.940001,31.139999,27.251169,407600
2016-02-12,31.070000,31.370001,30.920000,31.270000,27.364935,797800
2016-02-16,31.490000,31.680000,31.250000,31.610001,27.662476,550600
2016-02-17,31.530001,31.790001,31.440001,31.700001,27.741234,434400
2016-02-18,32.279999,32.310001,32.029999,32.250000,28.222549,463600
2016-02-19,32.200001,32.450001,32.160000,32.330002,28.292562,314300
2016-02-22,32.500000,32.669998,32.400002,32.560001,28.493837,430600
2016-02-23,32.240002,32.400002,32.020000,32.150002,28.135040,444800
2016-02-24,31.770000,32.450001,31.750000,32.419998,28.371317,661900
2016-02-25,32.320000,32.860001,32.310001,32.650002,28.572599,2765800
2016-02-26,32.630001,32.900002,32.549999,32.660000,28.581348,2283400
2016-02-29,32.189999,32.400002,31.930000,32.049999,28.047525,1280000
2016-03-01,32.209999,32.610001,32.099998,32.599998,28.528841,1647700
2016-03-02,31.940001,32.360001,31.860001,32.169998,29.072884,563000
2016-03-03,31.629999,31.860001,31.590000,31.820000,28.756580,465000
2016-03-04,31.570000,31.670000,31.320000,31.490000,28.458349,464900
2016-03-07,31.260000,31.570000,31.150000,31.469999,28.440275,832200
2016-03-08,31.480000,31.700001,31.350000,31.420000,28.395090,598500
2016-03-09,31.219999,31.260000,31.040001,31.070000,28.078785,931700
2016-03-10,31.209999,31.420000,30.860001,31.010000,28.024563,807400
2016-03-11,31.080000,31.370001,31.010000,31.250000,28.241455,714300
2016-03-14,31.330000,31.500000,31.280001,31.309999,28.295679,469200
2016-03-15,31.260000,31.320000,31.070000,31.080000,28.087822,548600
2016-03-16,30.940001,31.270000,30.780001,31.200001,28.196270,618400
2016-03-17,30.969999,31.030001,30.809999,30.830000,27.861891,406000
2016-03-18,29.940001,30.230000,29.889999,30.129999,27.229282,969700
2016-03-21,30.389999,30.559999,30.320000,30.379999,27.455212,760300
2016-03-22,29.930000,30.540001,29.889999,30.400000,27.473288,824900
2016-03-23,30.570000,30.590000,30.299999,30.370001,27.446178,654500
2016-03-24,30.170000,30.260000,30.010000,30.120001,27.220245,698800
2016-03-28,30.129999,30.350000,30.049999,30.090000,27.193132,477400
2016-03-29,30.059999,30.780001,29.980000,30.740000,27.780554,877400
2016-03-30,30.730000,30.900000,30.559999,30.639999,27.690182,658100
2016-03-31,30.770000,30.870001,30.559999,30.629999,27.681145,1651400
2016-04-01,29.959999,30.389999,29.910000,30.360001,27.437141,652300
2016-04-04,30.750000,30.920000,30.670000,30.780001,27.816704,1982300
2016-04-05,30.799999,30.850000,30.590000,30.600000,27.654032,1294000
2016-04-06,31.020000,31.780001,31.010000,31.780001,28.720432,631400
2016-04-07,31.709999,31.920000,31.540001,31.700001,28.648134,748500
2016-04-08,31.790001,31.900000,31.629999,31.719999,28.666206,915400
2016-04-11,31.799999,31.930000,31.559999,31.590000,28.548723,502800
2016-04-12,31.690001,32.040001,31.469999,32.000000,28.919252,853000
2016-04-13,31.770000,31.860001,31.600000,31.770000,28.711395,3008000
2016-04-14,31.950001,32.049999,31.879999,31.980000,28.901175,1149300
2016-04-15,31.860001,32.130001,31.820000,31.889999,28.819839,1002200
2016-04-18,31.980000,32.369999,31.980000,32.349998,29.235556,515000
2016-04-19,32.959999,33.200001,32.910000,33.049999,29.868162,1085000
2016-04-20,32.790001,32.849998,32.619999,32.619999,29.479561,939200
2016-04-21,32.389999,32.520000,32.279999,32.439999,29.316891,921400
2016-04-22,32.240002,32.389999,32.150002,32.349998,29.235556,1311400
2016-04-25,31.920000,32.040001,31.820000,32.000000,28.919252,959400
2016-04-26,31.820000,31.870001,31.719999,31.780001,28.720432,1532800
2016-04-27,31.830000,32.080002,31.809999,32.049999,28.964436,1174000
2016-04-28,31.809999,31.920000,31.700001,31.719999,28.666206,854000
2016-04-29,31.690001,31.709999,31.000000,31.570000,28.530647,789100
2016-05-02,31.670000,31.850000,31.600000,31.850000,28.783693,700000
2016-05-03,31.760000,31.790001,31.430000,31.490000,28.458349,1809700
2016-05-04,31.180000,31.200001,30.870001,31.000000,28.015522,756500
2016-05-05,30.820000,30.940001,30.559999,30.700001,27.744406,469000
2016-05-06,30.219999,30.360001,30.090000,30.260000,27.346767,857300
2016-05-09,30.879999,31.080000,30.850000,30.910000,27.934189,750800
2016-05-10,31.360001,31.440001,31.260000,31.350000,28.331829,1057700
2016-05-11,31.270000,31.459999,31.250000,31.280001,28.268568,1032900
2016-05-12,31.650000,31.700001,31.270000,31.400000,28.377014,641700
2016-05-13,31.440001,31.559999,31.120001,31.120001,28.123974,573900
2016-05-16,31.120001,31.420000,31.120001,31.400000,28.377014,557900
2016-05-17,31.049999,31.379999,31.000000,31.049999,28.060709,857400
2016-05-18,30.900000,31.270000,30.850000,31.049999,28.060709,725500
2016-05-19,30.709999,30.870001,30.580000,30.730000,27.771517,739600
2016-05-20,31.160000,31.330000,31.129999,31.180000,28.178194,643100
2016-05-23,31.209999,31.410000,31.150000,31.370001,28.349905,707200
2016-05-24,31.500000,31.750000,31.440001,31.600000,28.557762,723600
2016-05-25,31.990000,32.040001,31.840000,31.969999,28.892138,931000
2016-05-26,31.969999,32.150002,31.969999,32.119999,29.027697,685600
2016-05-27,33.200001,33.410000,33.169998,33.200001,30.003723,1157900
2016-05-31,32.869999,32.990002,32.549999,32.880001,29.714531,1195100
2016-06-01,32.919998,33.220001,32.880001,33.150002,29.958538,685600
2016-06-02,32.869999,33.040001,32.799999,33.029999,29.850086,796800
2016-06-03,32.849998,33.099998,32.759998,33.070000,29.886238,589100
2016-06-06,33.169998,33.439999,33.169998,33.400002,30.184471,950300
2016-06-07,33.590000,33.770000,33.500000,33.669998,30.428473,2749100
2016-06-08,33.500000,33.630001,33.430000,33.560001,30.329065,755000
2016-06-09,33.240002,33.410000,33.240002,33.380001,30.166391,1435700
2016-06-10,32.570000,32.650002,32.290001,32.480000,29.353039,919500
2016-06-13,31.959999,32.130001,31.580000,31.670000,28.621021,1503000
2016-06-14,31.410000,31.520000,31.170000,31.340000,28.322792,627000
2016-06-15,31.500000,31.590000,31.170000,31.280001,28.268568,992900
2016-06-16,30.889999,31.330000,30.620001,31.299999,28.286642,916400
2016-06-17,31.600000,31.620001,31.270000,31.580000,28.539684,683300
2016-06-20,32.279999,32.299999,31.760000,31.889999,28.819839,885400
2016-06-21,32.029999,32.189999,31.809999,32.000000,28.919252,1356500
2016-06-22,31.830000,32.160000,31.750000,31.750000,28.693319,7783600
2016-06-23,32.209999,32.450001,31.930000,32.360001,29.244593,3358600
2016-06-24,30.969999,31.590000,30.530001,30.770000,27.807669,986600
2016-06-27,31.160000,31.280001,30.549999,31.000000,28.015522,1262500
2016-06-28,31.420000,31.670000,31.299999,31.639999,28.593908,716600
2016-06-29,32.290001,32.470001,32.080002,32.330002,29.217482,1278200
2016-06-30,32.520000,33.070000,32.470001,32.950001,29.777792,593100
2016-07-01,32.900002,33.040001,32.790001,32.860001,29.696457,445000
2016-07-05,32.490002,32.540001,32.160000,32.169998,29.072884,614200
2016-07-06,32.049999,32.459999,31.930000,32.389999,29.271704,633700
2016-07-07,32.349998,32.570000,32.139999,32.340000,29.226517,363900
2016-07-08,32.200001,32.560001,32.110001,32.360001,29.244593,673800
2016-07-11,32.570000,32.759998,32.509998,32.590000,29.452450,571800
2016-07-12,32.400002,32.540001,32.259998,32.299999,29.190369,890200
2016-07-13,32.400002,32.459999,32.270000,32.310001,29.199409,315000
2016-07-14,32.410000,32.470001,32.270000,32.400002,29.280743,459300
2016-07-15,32.380001,32.540001,32.290001,32.500000,29.371115,929200
2016-07-18,32.029999,32.320000,31.950001,32.250000,29.145184,528800
2016-07-19,31.780001,31.830000,31.690001,31.790001,28.729467,737500
2016-07-20,32.029999,32.200001,31.950001,32.099998,29.009623,449000
2016-07-21,31.780001,31.799999,31.510000,31.559999,28.521612,664400
2016-07-22,31.799999,31.840000,31.559999,31.690001,28.639095,535600
2016-07-25,31.570000,31.610001,31.379999,31.520000,28.485462,602900
2016-07-26,31.549999,31.700001,31.510000,31.660000,28.611984,1237200
2016-07-27,31.389999,31.650000,31.299999,31.610001,28.566797,860100
2016-07-28,31.670000,31.730000,31.299999,31.430000,28.404127,448700
2016-07-29,31.580000,32.220001,31.580000,32.090000,29.000586,514600
2016-08-01,32.000000,32.090000,31.850000,31.959999,28.883102,624400
2016-08-02,32.049999,32.070000,31.830000,32.029999,28.946362,1378900
2016-08-03,31.309999,31.530001,31.299999,31.440001,28.413164,1334100
2016-08-04,31.420000,31.700001,31.360001,31.680000,28.630058,711100
2016-08-05,31.990000,32.099998,31.830000,32.020000,28.937326,3394000
2016-08-08,31.500000,31.570000,31.360001,31.389999,28.367975,1056600
2016-08-09,31.530001,31.799999,31.469999,31.709999,28.657169,353600
2016-08-10,32.009998,32.009998,31.700001,31.790001,28.729467,492400
2016-08-11,31.860001,32.110001,31.830000,32.020000,28.937326,363600
2016-08-12,31.910000,31.950001,31.830000,31.920000,28.846952,588400
2016-08-15,31.860001,32.080002,31.820000,31.980000,28.901175,600700
2016-08-16,31.950001,32.049999,31.790001,31.840000,28.774654,470400
2016-08-17,31.629999,31.920000,31.590000,31.830000,28.765615,437100
2016-08-18,31.650000,31.969999,31.610001,31.969999,28.892138,715500
2016-08-19,31.620001,31.760000,31.540001,31.750000,28.693319,778300
2016-08-22,31.530001,31.950001,31.500000,31.930000,28.855989,749700
2016-08-23,31.780001,31.910000,31.760000,31.870001,28.801767,1051400
2016-08-24,31.580000,31.680000,31.180000,31.200001,28.196270,1720000
2016-08-25,31.030001,31.170000,30.950001,30.990000,28.006487,1216300
2016-08-26,31.000000,31.260000,30.650000,30.790001,27.825743,1229400
2016-08-29,30.930000,31.020000,30.860001,30.950001,27.970337,761800
2016-08-30,30.940001,31.049999,30.879999,30.980000,27.997450,993300
2016-08-31,30.540001,30.590000,30.440001,30.549999,27.608847,924700
2016-09-01,30.260000,30.420000,30.200001,30.389999,27.464251,803500
2016-09-02,30.750000,31.000000,30.700001,30.940001,27.961302,2093900
2016-09-06,31.170000,31.370001,31.139999,31.330000,28.313755,2462500
2016-09-07,31.280001,31.330000,31.160000,31.299999,28.286642,2401800
2016-09-08,31.350000,31.510000,31.139999,31.240000,28.232418,1435700
2016-09-09,30.879999,30.900000,30.549999,30.549999,27.608847,1127500
2016-09-12,30.549999,30.959999,30.510000,30.879999,27.907076,1546400
2016-09-13,30.840000,30.900000,30.430000,30.510000,27.572699,1330600
2016-09-14,30.580000,30.719999,30.469999,30.520000,27.581736,840600
2016-09-15,30.610001,30.830000,30.610001,30.680000,27.726334,1532300
2016-09-16,30.670000,30.719999,30.520000,30.600000,27.654032,1246800
2016-09-19,30.959999,30.980000,30.730000,30.830000,27.861891,429400
2016-09-20,31.309999,31.379999,31.150000,31.160000,28.160122,663800
2016-09-21,31.370001,31.420000,31.080000,31.420000,28.395090,941700
2016-09-22,31.700001,31.780001,31.540001,31.549999,28.512575,1026200
2016-09-23,31.379999,31.580000,31.370001,31.540001,28.503536,445300
2016-09-26,31.370001,31.410000,31.150000,31.180000,28.178194,453800
2016-09-27,31.100000,31.459999,31.040001,31.389999,28.367975,540700
2016-09-28,31.459999,31.620001,31.309999,31.570000,28.530647,387600
2016-09-29,31.219999,31.360001,31.000000,31.010000,28.024563,852900
2016-09-30,30.889999,31.049999,30.799999,30.969999,27.988413,1124500
2016-10-03,31.040001,31.059999,30.900000,30.959999,27.979374,593300
2016-10-04,30.790001,30.889999,30.650000,30.700001,27.744406,461000
2016-10-05,30.799999,30.900000,30.700001,30.830000,27.861891,598300
2016-10-06,30.620001,30.639999,30.420000,30.540001,27.599812,1641500
2016-10-07,30.570000,30.629999,30.270000,30.490000,27.554623,801700
2016-10-10,30.459999,30.660000,30.450001,30.559999,27.617884,565100
2016-10-11,30.580000,30.600000,30.100000,30.180000,27.274469,3922800
2016-10-12,29.809999,29.930000,29.730000,29.780001,26.912979,1025400
2016-10-13,29.400000,29.830000,29.350000,29.709999,26.849716,833600
2016-10-14,29.790001,29.910000,29.670000,29.690001,26.831642,688700
2016-10-17,29.510000,29.530001,29.340000,29.350000,26.524376,761400
2016-10-18,29.400000,29.580000,29.330000,29.459999,26.623783,599900
2016-10-19,29.650000,29.700001,29.400000,29.450001,26.614748,766500
2016-10-20,29.330000,29.480000,29.180000,29.230000,26.415928,608500
2016-10-21,29.200001,29.280001,29.139999,29.280001,26.461115,480600
2016-10-24,28.980000,29.040001,28.879999,28.940001,26.153849,1188100
2016-10-25,28.680000,28.730000,28.559999,28.620001,25.864655,820600
2016-10-26,28.480000,28.510000,28.350000,28.360001,25.629686,1359500
2016-10-27,28.969999,29.040001,28.830000,28.850000,26.072512,1785000
2016-10-28,28.900000,28.920000,28.770000,28.820000,26.045399,1176800
2016-10-31,28.750000,28.770000,28.559999,28.680000,25.918880,894800
2016-11-01,28.650000,28.700001,28.530001,28.660000,25.900803,1116600
2016-11-02,28.990000,28.990000,28.350000,28.480000,25.738134,572600
2016-11-03,28.510000,28.530001,28.250000,28.260000,25.539312,889500
2016-11-04,28.430000,28.450001,28.100000,28.160000,25.448940,2126600
2016-11-07,28.750000,28.790001,28.610001,28.700001,25.936954,943700
2016-11-08,28.719999,28.820000,28.650000,28.760000,25.991177,669900
2016-11-09,30.070000,30.320000,29.770000,30.309999,27.391953,1169900
2016-11-10,29.680000,30.070000,29.480000,29.950001,27.066612,1524800
2016-11-11,29.770000,29.860001,29.379999,29.610001,26.759344,593600
2016-11-14,28.980000,29.190001,28.940001,29.120001,26.316521,978000
2016-11-15,28.870001,29.049999,28.740000,29.049999,26.253258,1682700
2016-11-16,28.790001,28.950001,28.709999,28.889999,26.108660,553600
2016-11-17,29.070000,29.160000,28.940001,29.010000,26.217108,679300
2016-11-18,28.760000,28.799999,28.610001,28.670000,25.909840,1193200
2016-11-21,28.620001,28.790001,28.500000,28.600000,25.846581,1381700
2016-11-22,28.049999,28.070000,27.620001,27.760000,25.087450,1502500
2016-11-23,27.090000,27.450001,27.059999,27.420000,24.780184,1690300
2016-11-25,28.129999,28.129999,27.959999,28.020000,25.322418,541000
2016-11-28,27.889999,27.950001,27.760000,27.879999,25.195898,1928300
2016-11-29,27.770000,27.959999,27.740000,27.809999,25.132637,1345300
2016-11-30,27.830000,27.850000,27.690001,27.760000,25.087450,1384600
2016-12-01,27.400000,27.450001,27.240000,27.299999,24.671736,1349200
2016-12-02,27.110001,27.290001,27.020000,27.200001,24.581366,1556200
2016-12-05,27.559999,27.690001,27.379999,27.670000,25.006115,1651300
2016-12-06,27.580000,27.809999,27.500000,27.770000,25.096489,1053700
2016-12-07,27.520000,27.540001,27.200001,27.440001,24.798258,1079100
2016-12-08,26.969999,27.260000,25.250000,27.080000,24.472916,1640400
2016-12-09,27.670000,27.940001,27.590000,27.860001,25.177824,1754300
2016-12-12,27.790001,27.900000,27.600000,27.719999,25.051300,1225300
2016-12-13,28.350000,28.570000,28.260000,28.360001,25.629686,4540100
2016-12-14,28.559999,28.670000,28.090000,28.129999,25.421827,1488000
2016-12-15,28.010000,28.170000,27.980000,28.090000,25.385679,1806400
2016-12-16,28.360001,28.490000,28.250000,28.370001,25.638723,2301400
2016-12-19,28.469999,28.549999,28.250000,28.260000,25.539312,1151600
2016-12-20,28.440001,28.490000,28.160000,28.280001,25.557390,2722600
2016-12-21,28.370001,28.440001,28.160000,28.200001,25.485090,1801400
2016-12-22,28.370001,28.379999,28.160000,28.180000,25.467016,1413900
2016-12-23,28.129999,28.260000,28.049999,28.180000,25.467016,645500
2016-12-27,28.400000,28.440001,28.260000,28.309999,25.584497,992600
2016-12-28,28.340000,28.360001,28.070000,28.110001,25.403755,927100
2016-12-29,28.490000,28.570000,28.389999,28.400000,25.665834,992400
2016-12-30,28.629999,28.750000,28.430000,28.530001,25.783319,982100
2017-01-03,28.549999,28.950001,28.469999,28.940001,26.153849,1143100
2017-01-04,28.940001,29.270000,28.920000,29.230000,26.415928,1640400
2017-01-05,29.610001,29.969999,29.580000,29.920000,27.039501,904200
2017-01-06,29.660000,29.830000,29.629999,29.780001,26.912979,1020300
2017-01-09,29.650000,30.080000,29.620001,30.020000,27.129873,2454900
2017-01-10,29.910000,30.080000,29.889999,29.990000,27.102760,1152800
2017-01-11,29.610001,29.660000,29.360001,29.480000,26.641861,1010300
2017-01-12,29.230000,29.440001,29.209999,29.410000,26.578598,1020600
2017-01-13,29.459999,29.650000,29.370001,29.620001,26.768383,1018000
2017-01-17,29.450001,29.490000,29.320000,29.469999,26.632822,1581600
2017-01-18,29.270000,29.459999,29.219999,29.360001,26.533413,502500
2017-01-19,28.969999,29.040001,28.750000,28.959999,26.171921,1378300
2017-01-20,29.049999,29.190001,29.000000,29.190001,26.379780,826400
2017-01-23,29.020000,29.219999,28.930000,29.200001,26.388817,3126000
2017-01-24,29.030001,29.150000,28.959999,29.059999,26.262293,1188900
2017-01-25,29.340000,29.490000,29.250000,29.410000,26.578598,1023600
2017-01-26,29.730000,29.730000,29.410000,29.510000,26.668970,1579600
2017-01-27,29.530001,29.700001,29.440001,29.680000,26.822605,852100
2017-01-30,29.299999,29.490000,29.209999,29.490000,26.650898,1224300
2017-01-31,29.230000,30.000000,29.170000,29.959999,27.075647,1707200
2017-02-01,30.040001,30.110001,29.889999,30.090000,27.193132,953400
2017-02-02,29.600000,29.680000,29.440001,29.559999,26.714157,1753700
2017-02-03,29.660000,29.780001,29.540001,29.760000,26.894901,1218600
2017-02-06,29.660000,29.850000,29.660000,29.799999,26.931051,591100
2017-02-07,29.950001,30.030001,29.889999,29.959999,27.075647,920700
2017-02-08,29.820000,29.990000,29.770000,29.950001,27.066612,1097800
2017-02-09,29.959999,30.059999,29.850000,30.010000,27.120834,755300
2017-02-10,29.799999,30.030001,29.770000,30.000000,27.111797,1587100
2017-02-13,29.940001,29.969999,29.799999,29.820000,26.949127,679900
2017-02-14,29.629999,29.700001,29.480000,29.690001,26.831642,940100
2017-02-15,29.820000,30.219999,29.780001,30.160000,27.256393,2497600
2017-02-16,30.420000,30.580000,30.400000,30.510000,27.572699,557200
2017-02-17,30.389999,30.549999,30.290001,30.530001,27.590775,570100
2017-02-21,30.590000,30.740000,30.530001,30.680000,27.726334,1126700
2017-02-22,30.340000,30.650000,30.309999,30.610001,27.663073,3881800
2017-02-23,30.440001,30.549999,30.379999,30.540001,27.599812,2298500
2017-02-24,30.350000,30.620001,30.330000,30.600000,27.654032,844900
2017-02-27,30.219999,30.389999,30.190001,30.330000,27.410028,593800
2017-02-28,30.340000,30.559999,30.309999,30.420000,27.491362,867100
2017-03-01,30.280001,30.600000,30.240000,30.549999,27.608847,648400
2017-03-02,32.470001,32.619999,32.250000,32.419998,29.298815,2670600
2017-03-03,32.130001,32.470001,32.099998,32.419998,29.298815,1189700
2017-03-06,32.279999,32.320000,32.130001,32.310001,29.199409,1615200
2017-03-07,31.690001,32.259998,31.660000,32.119999,29.027697,1372800
2017-03-08,31.740000,32.020000,31.709999,31.900000,28.828878,2624600
2017-03-09,31.660000,31.879999,31.620001,31.860001,28.792730,904600
2017-03-10,32.000000,32.070000,31.950001,32.040001,28.955400,1094400
2017-03-13,32.209999,32.430000,32.160000,32.400002,29.280743,688900
2017-03-14,32.240002,32.419998,32.180000,32.380001,29.262667,758400
2017-03-15,31.200001,31.549999,31.150000,31.370001,29.270134,1330700
2017-03-16,31.490000,31.670000,31.459999,31.580000,29.466074,615700
2017-03-17,31.740000,31.840000,31.620001,31.719999,29.596703,765900
2017-03-20,31.790001,31.820000,31.559999,31.620001,29.503399,519300
2017-03-21,31.700001,31.760000,31.299999,31.410000,29.307455,1925200
2017-03-22,31.590000,31.760000,31.480000,31.549999,29.438084,1654400
2017-03-23,31.520000,31.889999,31.490000,31.730000,29.606035,1305300
2017-03-24,31.820000,32.029999,31.770000,31.910000,29.773987,912100
2017-03-27,32.099998,32.279999,32.060001,32.240002,30.081898,1201800
2017-03-28,32.150002,32.250000,32.000000,32.029999,29.885952,1908200
2017-03-29,31.920000,32.169998,31.920000,32.139999,29.988588,850700
2017-03-30,32.320000,32.450001,32.240002,32.240002,30.081898,847800
2017-03-31,32.090000,32.160000,32.000000,32.029999,29.885952,1104500
2017-04-03,32.060001,32.200001,31.910000,32.110001,29.960598,877300
2017-04-04,31.969999,32.169998,31.920000,32.150002,29.997921,730600
2017-04-05,32.049999,32.240002,31.980000,32.020000,29.876623,495600
2017-04-06,32.150002,32.169998,31.990000,32.029999,29.885952,477700
2017-04-07,31.850000,31.969999,31.820000,31.920000,29.783316,737100
2017-04-10,31.799999,31.820000,31.600000,31.670000,29.550051,1056900
2017-04-11,31.889999,32.099998,31.820000,32.070000,29.923275,922800
2017-04-12,32.000000,32.240002,31.969999,32.230000,30.072563,878000
2017-04-13,32.029999,32.070000,31.840000,31.920000,29.783316,850200
2017-04-17,31.920000,32.160000,31.900000,32.119999,29.969927,1336000
2017-04-18,31.840000,32.049999,31.610001,31.740000,29.615366,1097300
2017-04-19,31.750000,31.900000,31.690001,31.799999,29.671349,674300
2017-04-20,31.889999,31.940001,31.700001,31.750000,29.624695,1299600
2017-04-21,31.490000,31.620001,31.410000,31.600000,29.484737,1246500
2017-04-24,31.920000,32.180000,31.920000,32.009998,29.867289,896200
2017-04-25,32.310001,32.430000,32.230000,32.410000,30.240515,456000
2017-04-26,32.130001,32.439999,32.070000,32.200001,30.044573,1910200
2017-04-27,32.669998,32.770000,32.599998,32.740002,30.548428,2541500
2017-04-28,32.630001,36.820000,32.540001,32.700001,30.511105,390100
2017-05-01,32.770000,32.860001,32.709999,32.849998,30.651060,736300
2017-05-02,32.950001,33.230000,32.900002,33.189999,30.968302,1030100
2017-05-03,33.549999,33.590000,33.389999,33.459999,31.220230,659100
2017-05-04,33.490002,33.970001,33.490002,33.900002,31.630779,662000
2017-05-05,33.970001,34.320000,33.889999,34.220001,31.929358,1033400
2017-05-08,33.840000,33.910000,33.630001,33.740002,31.481487,744700
2017-05-09,33.869999,33.950001,33.669998,33.799999,31.537470,751000
2017-05-10,33.160000,33.209999,32.970001,33.169998,30.949640,1232100
2017-05-11,33.080002,33.340000,33.029999,33.279999,31.052279,1907700
2017-05-12,33.580002,33.790001,33.520000,33.750000,31.490818,474300
2017-05-15,33.619999,33.900002,33.560001,33.889999,31.621447,691800
2017-05-16,34.290001,34.430000,34.130001,34.380001,32.078648,1272100
2017-05-17,34.310001,34.410000,34.020000,34.020000,31.742744,580100
2017-05-18,33.669998,33.869999,33.580002,33.799999,31.537470,782900
2017-05-19,34.230000,34.360001,34.139999,34.299999,32.004002,359700
2017-05-22,34.599998,34.669998,34.299999,34.430000,32.125298,584100
2017-05-23,34.430000,34.470001,34.270000,34.299999,32.004002,608000
2017-05-24,34.270000,34.340000,34.160000,34.220001,31.929358,766200
2017-05-25,34.349998,34.419998,34.220001,34.369999,32.069317,492800
2017-05-26,34.200001,34.259998,33.950001,33.959999,31.686758,1686200
2017-05-30,34.169998,34.380001,34.099998,34.150002,31.864046,1080500
2017-05-31,34.439999,34.520000,34.259998,34.380001,32.078648,564900
2017-06-01,34.189999,34.240002,34.070000,34.180000,31.892036,857100
2017-06-02,34.240002,34.430000,34.160000,34.369999,32.069317,692300
2017-06-05,33.500000,33.500000,31.590000,32.610001,30.427130,5859200
2017-06-06,32.560001,32.560001,32.180000,32.230000,30.072563,3108200
2017-06-07,32.400002,32.490002,32.049999,32.090000,29.941936,5741000
2017-06-08,32.070000,32.160000,31.780001,31.900000,29.764654,3554100
2017-06-09,31.820000,32.009998,31.809999,32.009998,29.867289,5340300
2017-06-12,32.099998,32.369999,32.080002,32.369999,30.203192,5494000
2017-06-13,32.279999,32.470001,32.250000,32.389999,30.221855,772200
2017-06-14,32.470001,32.549999,32.090000,32.230000,30.072563,954200
2017-06-15,32.020000,32.320000,32.000000,32.230000,30.072563,1629500
2017-06-16,32.549999,32.810001,32.430000,32.810001,30.613741,878200
2017-06-19,32.650002,32.930000,32.630001,32.880001,30.679056,1009300
2017-06-20,32.520000,32.599998,32.320000,32.419998,30.249846,901000
2017-06-21,32.230000,32.650002,32.189999,32.599998,30.417797,1908900
2017-06-22,32.410000,32.490002,32.230000,32.299999,30.137878,9863700
2017-06-23,32.560001,32.770000,32.549999,32.759998,30.567085,2196500
2017-06-26,32.509998,32.560001,32.360001,32.470001,30.296501,607400
2017-06-27,32.599998,32.759998,32.509998,32.580002,30.399137,956200
2017-06-28,32.650002,32.820000,32.540001,32.779999,30.585747,1170800
2017-06-29,32.549999,32.560001,31.760000,31.820000,29.690010,1646000
2017-06-30,31.910000,31.959999,31.760000,31.799999,29.671349,2370100
2017-07-03,31.950001,32.090000,31.900000,31.930000,29.792646,430100
2017-07-05,31.500000,31.760000,31.410000,31.760000,29.634026,927500
2017-07-06,31.360001,31.510000,31.250000,31.340000,29.242142,1124400
2017-07-07,31.170000,31.400000,31.000000,31.370001,29.270134,2295000
2017-07-10,31.320000,31.330000,31.150000,31.250000,29.158165,1074000
2017-07-11,30.830000,30.959999,30.700001,30.959999,28.887575,2156000
2017-07-12,31.490000,31.610001,31.430000,31.510000,29.400763,566800
2017-07-13,31.520000,31.600000,31.360001,31.570000,29.456743,741200
2017-07-14,31.860001,32.000000,31.770000,31.940001,29.801977,980400
2017-07-17,31.950001,31.990000,31.770000,31.940001,29.801977,1108100
2017-07-18,31.990000,32.020000,31.790001,31.850000,29.718002,868700
2017-07-19,31.940001,32.090000,31.940001,31.959999,29.820639,776100
2017-07-20,32.060001,32.299999,32.040001,32.200001,30.044573,289800
2017-07-21,32.110001,32.279999,32.040001,32.270000,30.109886,303700
2017-07-24,32.169998,32.240002,32.029999,32.150002,29.997921,11675500
2017-07-25,32.189999,32.189999,31.799999,31.799999,29.671349,527100
2017-07-26,31.389999,31.820000,31.260000,31.660000,29.540720,2401900
2017-07-27,32.070000,32.070000,31.400000,31.610001,29.494066,4023600
2017-07-28,31.280001,31.379999,31.200001,31.290001,29.195488,1890300
2017-07-31,31.690001,31.799999,31.620001,31.700001,29.578043,921800
2017-08-01,31.889999,31.910000,31.730000,31.830000,29.699339,894200
2017-08-02,31.809999,31.959999,31.719999,31.850000,29.718002,448000
2017-08-03,31.950001,32.049999,31.799999,31.850000,29.718002,547700
2017-08-04,31.750000,31.959999,31.709999,31.920000,29.783316,410400
2017-08-07,31.879999,31.910000,31.760000,31.870001,29.736664,591600
2017-08-08,31.879999,31.910000,31.520000,31.580000,29.466074,395600
2017-08-09,31.820000,31.850000,31.620001,31.850000,29.718002,431000
2017-08-10,31.650000,31.730000,31.400000,31.459999,29.354107,305600
2017-08-11,31.440001,31.559999,31.379999,31.480000,29.372768,432200
2017-08-14,31.500000,31.559999,31.400000,31.480000,29.372768,546100
2017-08-15,31.450001,31.549999,31.320000,31.530001,29.419422,362100
2017-08-16,31.440001,31.639999,31.410000,31.540001,29.428753,569100
2017-08-17,31.719999,31.770000,31.500000,31.540001,29.428753,398100
2017-08-18,31.440001,31.469999,31.209999,31.230000,29.139503,597700
2017-08-21,31.330000,31.350000,31.170000,31.180000,29.092850,508800
2017-08-22,31.469999,31.549999,31.370001,31.459999,29.354107,770900
2017-08-23,31.320000,31.469999,31.270000,31.410000,29.307455,983300
2017-08-24,31.469999,31.540001,31.350000,31.389999,29.288792,559500
2017-08-25,31.490000,31.660000,31.440001,31.600000,29.484737,515700
2017-08-28,31.690001,31.700001,31.590000,31.650000,29.531389,351600
2017-08-29,31.809999,31.900000,31.750000,31.790001,29.662018,1628600
2017-08-30,31.510000,31.540001,31.320000,31.379999,29.279463,574900
2017-08-31,31.430000,31.790001,31.400000,31.750000,29.624695,1469900
2017-09-01,31.760000,31.790001,31.639999,31.690001,29.568712,1355000
2017-09-05,31.650000,31.770000,31.540001,31.650000,29.531389,860400
2017-09-06,31.700001,31.850000,31.650000,31.809999,29.680679,905700
2017-09-07,31.969999,32.130001,31.900000,32.110001,29.960598,881800
2017-09-08,32.230000,32.290001,31.400000,31.490000,29.382099,1817500
2017-09-11,31.590000,31.650000,31.490000,31.510000,29.400763,1568000
2017-09-12,31.480000,31.559999,31.420000,31.549999,29.438084,1489300
2017-09-13,31.600000,31.629999,31.420000,31.490000,29.382099,586100
2017-09-14,31.480000,31.600000,31.459999,31.600000,29.484737,397600
2017-09-15,31.790001,31.790001,31.400000,31.719999,29.596703,1102800
2017-09-18,31.790001,31.820000,31.520000,31.570000,29.456743,822000
2017-09-19,31.719999,31.780001,31.600000,31.760000,29.634026,1625500
2017-09-20,32.040001,32.119999,31.740000,31.950001,29.811310,1041300
2017-09-21,31.920000,32.139999,31.910000,32.040001,29.895285,2482700
2017-09-22,32.070000,32.119999,32.000000,32.020000,29.876623,1152300
2017-09-25,32.000000,32.310001,31.920000,32.000000,29.857962,809900
2017-09-26,31.809999,31.920000,31.700001,31.750000,29.624695,1115200
2017-09-27,31.670000,31.799999,31.559999,31.709999,29.587372,615600
2017-09-28,31.780001,31.889999,31.709999,31.830000,29.699339,1417400
2017-09-29,31.680000,32.000000,31.570000,32.000000,29.857962,958500
2017-10-02,32.040001,32.150002,31.969999,32.099998,29.951265,673500
2017-10-03,32.020000,32.150002,32.000000,32.060001,29.913946,1349900
2017-10-04,31.980000,32.049999,31.920000,31.990000,29.848631,723900
2017-10-05,31.590000,31.750000,31.469999,31.719999,29.596703,914900
2017-10-06,31.549999,31.780001,31.549999,31.730000,29.606035,769800
2017-10-09,31.500000,31.559999,31.430000,31.490000,29.382099,640600
2017-10-10,31.610001,31.660000,31.500000,31.629999,29.512728,1216300
2017-10-11,31.650000,31.680000,31.480000,31.559999,29.447414,1892100
2017-10-12,31.389999,31.500000,31.350000,31.430000,29.326117,2051000
2017-10-13,31.410000,31.459999,31.299999,31.410000,29.307455,2254400
2017-10-16,31.160000,31.330000,31.129999,31.180000,29.092850,871600
2017-10-17,31.350000,31.459999,31.330000,31.450001,29.344778,1089200
2017-10-18,31.160000,31.219999,31.000000,31.010000,28.934231,3815400
2017-10-19,30.920000,30.920000,30.389999,30.420000,28.383722,4016000
2017-10-20,29.790001,29.790001,29.530001,29.730000,27.739912,1657100
2017-10-23,29.830000,29.900000,29.670000,29.709999,27.721251,1502700
2017-10-24,29.680000,29.700001,29.400000,29.420000,27.450663,1986400
2017-10-25,29.150000,29.240000,28.780001,28.930000,26.993462,3993800
2017-10-26,28.900000,28.900000,28.629999,28.670000,26.750866,3523400
2017-10-27,28.820000,28.840000,28.549999,28.620001,26.704214,3226200
2017-10-30,28.680000,28.850000,28.639999,28.830000,26.900158,2753500
2017-10-31,28.860001,28.959999,28.840000,28.920000,26.984133,1239900
2017-11-01,28.790001,28.940001,28.780001,28.850000,26.918818,1242300
2017-11-02,28.969999,29.080000,28.940001,29.070000,27.124090,1308700
2017-11-03,28.990000,29.100000,28.930000,29.100000,27.152082,1405500
2017-11-06,29.070000,29.219999,29.059999,29.219999,27.264050,795000
2017-11-07,28.910000,28.969999,28.830000,28.950001,27.012125,1408500
2017-11-08,28.860001,28.930000,28.799999,28.830000,26.900158,1537500
2017-11-09,28.549999,28.840000,28.480000,28.840000,26.909487,920500
2017-11-10,28.620001,28.700001,28.570000,28.690001,26.769529,966300
2017-11-13,28.590000,28.719999,28.559999,28.620001,26.704214,1055300
2017-11-14,28.690001,28.879999,28.629999,28.850000,26.918818,739500
2017-11-15,28.879999,28.920000,28.680000,28.730000,26.806850,1181900
2017-11-16,28.830000,28.920000,28.780001,28.900000,26.965471,2421500
2017-11-17,28.980000,29.100000,28.910000,29.100000,27.152082,1190200
2017-11-20,30.850000,30.969999,30.730000,30.820000,28.756948,4897400
2017-11-21,30.570000,31.139999,30.559999,31.070000,28.990213,2165000
2017-11-22,31.400000,31.980000,31.389999,31.660000,29.540720,2712700
2017-11-24,31.530001,31.760000,31.350000,31.600000,29.484737,1138400
2017-11-27,31.459999,31.540001,31.389999,31.450001,29.344778,2298300
2017-11-28,31.469999,31.750000,31.430000,31.719999,29.596703,1982600
2017-11-29,31.459999,31.590000,31.400000,31.420000,29.316786,2484500
2017-11-30,31.540001,31.719999,31.530001,31.580000,29.466074,1310300
2017-12-01,31.540001,31.959999,31.510000,31.910000,29.773987,1319300
2017-12-04,31.610001,31.670000,31.280001,31.299999,29.204817,2913000
2017-12-05,31.299999,31.379999,30.889999,30.940001,28.868917,2591800
2017-12-06,31.070000,31.500000,31.049999,31.330000,29.232811,4330000
2017-12-07,30.480000,30.820000,30.440001,30.500000,28.458370,2053500
2017-12-08,30.190001,30.250000,30.100000,30.219999,28.197111,3510800
2017-12-11,30.420000,30.430000,30.240000,30.260000,28.234434,2059600
2017-12-12,30.250000,30.430000,30.219999,30.340000,28.309078,1302900
2017-12-13,30.520000,30.549999,30.420000,30.500000,28.458370,2644800
2017-12-14,30.600000,30.650000,30.450001,30.629999,28.579666,1506600
2017-12-15,30.790001,30.920000,30.629999,30.900000,28.831594,1418500
2017-12-18,31.139999,31.350000,31.100000,31.240000,29.148834,1472900
2017-12-19,31.080000,31.200001,30.920000,30.969999,28.896908,1220500
2017-12-20,30.920000,31.030001,30.809999,30.809999,28.747618,1197600
2017-12-21,31.200001,31.299999,31.049999,31.059999,28.980883,1112900
2017-12-22,30.990000,31.139999,30.940001,31.129999,29.046196,808000
2017-12-26,31.150000,31.240000,31.059999,31.059999,28.980883,474100
2017-12-27,31.200001,31.340000,31.180000,31.280001,29.186157,1414100
2017-12-28,31.570000,31.600000,31.469999,31.549999,29.438084,888400
2017-12-29,31.500000,31.680000,31.450001,31.580000,29.466074,727200
2018-01-02,31.700001,31.780001,31.660000,31.760000,29.634026,698200
2018-01-03,31.870001,32.200001,31.860001,32.169998,30.016581,1433900
2018-01-04,32.279999,32.380001,32.250000,32.349998,30.184532,1681700
2018-01-05,32.169998,32.419998,32.150002,32.380001,30.212524,1039700
2018-01-08,32.119999,32.130001,31.930000,32.040001,29.895285,1135400
2018-01-09,31.790001,31.879999,31.620001,31.830000,29.699339,900800
2018-01-10,31.629999,31.690001,31.510000,31.610001,29.494066,684200
2018-01-11,31.370001,31.540001,31.309999,31.370001,29.270134,1532900
2018-01-12,31.610001,31.790001,31.559999,31.780001,29.652689,1011700
2018-01-16,30.590000,30.790001,30.480000,30.680000,28.626322,3779900
2018-01-17,30.450001,30.570000,30.280001,30.450001,28.411716,2516300
2018-01-18,30.580000,30.610001,30.379999,30.510000,28.467699,1137400
2018-01-19,30.520000,30.690001,30.420000,30.690001,28.635651,1883100
2018-01-22,30.700001,30.799999,30.650000,30.790001,28.728958,2759900
2018-01-23,30.969999,31.000000,30.650000,30.660000,28.607658,2420700
2018-01-24,30.969999,31.150000,30.920000,31.020000,28.943562,4168100
2018-01-25,31.010000,31.150000,30.700001,30.740000,28.682302,2650500
2018-01-26,30.900000,30.950001,30.770000,30.889999,28.822262,4325200
2018-01-29,30.870001,30.920000,30.650000,30.670000,28.616989,2231000
2018-01-30,30.980000,31.049999,30.809999,31.010000,28.934231,6943300
2018-01-31,30.879999,31.020000,30.760000,31.000000,28.924898,2601200
2018-02-01,30.200001,30.219999,29.990000,30.160000,28.141127,2893800
2018-02-02,30.090000,30.240000,29.900000,30.000000,27.991838,1850100
2018-02-05,29.700001,29.750000,29.170000,29.200001,27.245390,1546900
2018-02-06,29.100000,29.600000,29.010000,29.430000,27.459993,5098200
2018-02-07,29.170000,29.420000,29.030001,29.030001,27.086769,2014000
2018-02-08,29.180000,29.360001,28.920000,29.000000,27.058777,2380400
2018-02-09,28.900000,29.020000,28.510000,28.980000,27.040115,1771200
2018-02-12,29.040001,29.350000,29.000000,29.219999,27.264050,1179200
2018-02-13,29.100000,29.340000,29.090000,29.260000,27.301374,2051200
2018-02-14,29.490000,30.100000,29.490000,30.059999,28.047823,1146500
2018-02-15,30.190001,30.430000,30.110001,30.410000,28.374393,867000
2018-02-16,30.389999,30.580000,30.299999,30.299999,28.271755,577000
2018-02-20,29.770000,29.950001,29.760000,29.770000,27.777235,1244400
2018-02-21,29.750000,29.980000,29.590000,29.620001,27.637276,1662700
2018-02-22,29.660000,29.950001,29.590000,29.850000,27.851879,812300
2018-02-23,29.610001,29.790001,29.510000,29.750000,27.758574,810100
2018-02-26,29.639999,29.900000,29.600000,29.879999,27.879871,1191900
2018-02-27,29.740000,29.799999,29.510000,29.549999,27.571960,4190900
2018-02-28,29.299999,29.309999,28.910000,28.910000,26.974802,4412300
2018-03-01,28.910000,29.049999,28.570000,28.690001,26.769529,4421100
2018-03-02,29.219999,29.219999,29.000000,29.209999,27.254719,6689500
2018-03-05,29.480000,29.920000,29.459999,29.910000,27.907862,2121100
2018-03-06,30.059999,30.150000,29.950001,29.959999,27.954515,4278100
2018-03-07,29.879999,30.190001,29.860001,30.120001,28.103806,3379400
2018-03-08,30.080000,30.190001,29.969999,30.030001,28.019831,1509900
2018-03-09,30.150000,30.209999,30.059999,30.070000,28.057152,828200
2018-03-12,30.139999,30.299999,30.110001,30.280001,28.253098,820900
2018-03-13,30.350000,30.400000,30.209999,30.270000,28.243765,950600
2018-03-14,30.420000,30.520000,30.219999,30.350000,28.318411,1918700
2018-03-15,29.120001,29.219999,29.000000,29.100000,28.185715,2708800
2018-03-16,28.840000,28.879999,28.700001,28.840000,27.933884,3099600
2018-03-19,28.980000,29.010000,28.750000,28.840000,27.933884,3334900
2018-03-20,28.680000,28.790001,28.620001,28.680000,27.778912,2051900
2018-03-21,28.790001,28.830000,27.700001,28.740000,27.837025,1637500
2018-03-22,28.600000,28.650000,28.309999,28.340000,27.449593,4270900
2018-03-23,28.680000,28.709999,28.240000,28.260000,27.372107,860900
2018-03-26,28.830000,28.889999,28.350000,28.590000,27.691738,1487600
2018-03-27,28.600000,28.770000,28.299999,28.459999,27.565823,1441900
2018-03-28,28.420000,28.980000,28.350000,28.799999,27.895140,1351100
2018-03-29,28.600000,28.760000,28.540001,28.629999,27.730480,1558300
2018-04-02,28.650000,28.660000,28.170000,28.299999,27.410849,823200
2018-04-03,28.290001,28.299999,28.000000,28.080000,27.197762,1184100
2018-04-04,27.709999,28.129999,27.650000,28.120001,27.236506,1264000
2018-04-05,28.059999,28.400000,28.020000,28.320000,27.430222,778600
2018-04-06,28.309999,28.430000,27.969999,28.049999,27.168703,899700
2018-04-09,28.350000,28.559999,28.240000,28.350000,27.459280,867000
2018-04-10,28.389999,28.540001,28.370001,28.420000,27.527079,1698700
2018-04-11,28.440001,28.629999,28.360001,28.440001,27.546452,4159800
2018-04-12,28.270000,28.389999,28.240000,28.379999,27.488335,4499200
2018-04-13,28.200001,28.240000,28.129999,28.200001,27.313992,4016800
2018-04-16,28.360001,28.379999,28.070000,28.200001,27.313992,2903900
2018-04-17,28.100000,28.180000,27.900000,28.100000,27.217134,1185600
2018-04-18,28.090000,28.110001,28.000000,28.020000,27.139647,2057600
2018-04-19,27.930000,28.030001,27.790001,27.870001,26.994360,568100
2018-04-20,27.820000,27.840000,27.680000,27.740000,26.868444,1640600
2018-04-23,27.940001,28.020000,27.830000,27.879999,27.004045,1113300
2018-04-24,28.160000,28.190001,27.820000,27.920000,27.042789,3198200
2018-04-25,27.629999,27.910000,27.510000,27.830000,26.955616,2770900
2018-04-26,27.690001,27.690001,27.500000,27.570000,26.703785,2320500
2018-04-27,27.670000,27.740000,27.559999,27.680000,26.810329,1746100
2018-04-30,27.790001,27.980000,27.760000,27.799999,26.926558,771600
2018-05-01,27.670000,27.799999,27.500000,27.639999,26.771585,497000
2018-05-02,28.040001,28.100000,27.870001,27.879999,27.004045,912800
2018-05-03,28.340000,28.360001,28.070000,28.280001,27.391479,2668500
2018-05-04,27.870001,28.270000,27.870001,28.230000,27.343048,460800
2018-05-07,28.260000,28.469999,28.230000,28.309999,27.420534,1062700
2018-05-08,28.110001,28.200001,27.980000,28.070000,27.188076,897700
2018-05-09,28.000000,28.200001,27.950001,28.090000,27.207447,586200
2018-05-10,27.870001,27.940001,27.480000,27.629999,26.761900,1597500
2018-05-11,27.730000,27.780001,27.549999,27.719999,26.849072,1501000
2018-05-14,28.200001,28.280001,28.000000,28.059999,27.178391,2724900
2018-05-15,28.170000,28.260000,28.030001,28.200001,27.313992,505300
2018-05-16,28.379999,28.420000,28.280001,28.320000,27.430222,581700
2018-05-17,28.059999,28.070000,27.870001,27.950001,27.071846,3710900
2018-05-18,28.160000,28.280001,27.930000,27.930000,27.052475,4455100
2018-05-21,28.200001,28.469999,28.139999,28.440001,27.546452,1913900
2018-05-22,28.209999,28.370001,28.100000,28.139999,27.255877,1390400
2018-05-23,27.780001,27.840000,27.410000,27.540001,26.674728,915000
2018-05-24,27.780001,27.790001,27.540001,27.620001,26.752214,1504100
2018-05-25,27.250000,27.400000,27.250000,27.389999,26.529440,1398300
2018-05-29,27.100000,27.379999,27.080000,27.200001,26.345411,626000
2018-05-30,27.219999,27.250000,27.030001,27.139999,26.287294,763100
2018-05-31,27.040001,27.139999,26.709999,26.809999,25.967663,798500
2018-06-01,27.379999,27.450001,27.280001,27.379999,26.519754,427300
2018-06-04,27.180000,27.230000,26.940001,27.000000,26.151693,1734200
2018-06-05,26.580000,26.690001,26.500000,26.650000,25.812691,1225700
2018-06-06,26.450001,26.670000,26.370001,26.610001,25.773949,1261400
2018-06-07,26.809999,26.820000,26.590000,26.600000,25.764261,1056400
2018-06-08,26.400000,26.450001,26.299999,26.389999,25.560860,953200
2018-06-11,26.459999,26.639999,26.440001,26.580000,25.744890,892000
2018-06-12,26.510000,26.639999,26.469999,26.520000,25.686775,797000
2018-06-13,26.480000,26.620001,26.440001,26.510000,25.677090,1085400
2018-06-14,26.440001,26.570000,26.379999,26.440001,25.609289,1102500
2018-06-15,26.570000,26.650000,26.469999,26.639999,25.803003,930500
2018-06-18,26.459999,26.480000,26.350000,26.389999,25.560860,3113300
2018-06-19,26.389999,26.540001,26.370001,26.530001,25.696461,1526500
2018-06-20,27.180000,27.230000,27.040001,27.090000,26.238867,2373200
2018-06-21,27.309999,27.350000,27.080000,27.090000,26.238867,1102500
2018-06-22,27.549999,27.799999,27.510000,27.770000,26.897503,1107000
2018-06-25,27.650000,27.690001,27.389999,27.430000,26.568184,933200
2018-06-26,27.340000,27.500000,27.270000,27.469999,26.606926,1284400
2018-06-27,27.430000,27.600000,27.309999,27.340000,26.481012,1029400
2018-06-28,27.250000,27.280001,27.139999,27.250000,26.393839,765600
2018-06-29,27.610001,27.799999,27.580000,27.629999,26.761900,759100
2018-07-02,27.500000,27.600000,27.389999,27.590000,26.723158,594900
2018-07-03,27.920000,27.990000,27.809999,27.809999,26.936245,1513400
2018-07-05,28.150000,28.219999,28.059999,28.120001,27.236506,810200
2018-07-06,28.139999,28.360001,28.090000,28.320000,27.430222,709400
2018-07-09,28.450001,28.520000,28.180000,28.190001,27.304306,1981700
2018-07-10,28.430000,28.490000,28.240000,28.270000,27.381792,1267600
2018-07-11,28.100000,28.190001,27.940001,28.040001,27.159019,1949000
2018-07-12,28.469999,28.879999,28.440001,28.719999,27.817654,2015900
2018-07-13,28.910000,29.090000,28.850000,29.049999,28.137285,2344900
2018-07-16,29.049999,29.129999,28.980000,29.090000,28.176029,777700
2018-07-17,28.910000,29.100000,28.910000,29.059999,28.146971,1161200
2018-07-18,29.340000,29.360001,29.160000,29.240000,28.321316,1325400
2018-07-19,28.980000,29.030001,28.770000,28.910000,28.001684,2820400
2018-07-20,29.270000,29.510000,29.250000,29.469999,28.544088,1726700
2018-07-23,29.320000,29.420000,29.290001,29.389999,28.466602,1486700
2018-07-24,29.350000,29.559999,29.340000,29.450001,28.524719,1953100
2018-07-25,29.549999,30.350000,29.520000,30.280001,29.328642,1646100
2018-07-26,30.170000,30.430000,30.120001,30.340000,29.386755,1430400
2018-07-27,30.570000,30.610001,30.410000,30.600000,29.638586,1419600
2018-07-30,30.629999,30.700001,30.530001,30.660000,29.696701,847400
2018-07-31,30.690001,30.770000,30.580000,30.670000,29.706387,1307800
2018-08-01,30.620001,30.670000,30.510000,30.570000,29.609529,491800
2018-08-02,30.700001,31.080000,30.670000,31.059999,30.084133,2112600
2018-08-03,30.730000,30.920000,30.650000,30.910000,29.938847,1244600
2018-08-06,30.530001,30.709999,30.469999,30.610001,29.648273,798800
2018-08-07,30.830000,30.900000,30.750000,30.770000,29.803246,326300
2018-08-08,30.290001,30.530001,30.209999,30.450001,29.493299,832200
2018-08-09,30.340000,30.420000,30.260000,30.299999,29.348011,572300
2018-08-10,30.049999,30.110001,29.950001,30.030001,29.086496,1968900
2018-08-13,29.879999,30.000000,29.799999,29.900000,28.960579,2955000
2018-08-14,30.150000,30.240000,30.030001,30.209999,29.260839,1582700
2018-08-15,29.860001,29.969999,29.690001,29.940001,28.999323,866900
2018-08-16,30.020000,30.129999,29.920000,29.950001,29.009010,634200
2018-08-17,29.980000,30.270000,29.980000,30.120001,29.173668,478700
2018-08-20,30.379999,30.540001,30.370001,30.540001,29.580473,492700
2018-08-21,30.879999,30.900000,30.700001,30.860001,29.890419,1125400
2018-08-22,30.750000,30.780001,30.590000,30.660000,29.696701,782000
2018-08-23,30.610001,30.650000,30.510000,30.520000,29.561100,1242100
2018-08-24,30.590000,30.650000,30.549999,30.580000,29.619215,567000
2018-08-27,30.799999,30.930000,30.760000,30.860001,29.890419,408200
2018-08-28,30.950001,31.040001,30.850000,30.930000,29.958220,478900
2018-08-29,31.020000,31.190001,30.969999,31.190001,30.210051,1506300
2018-08-30,31.100000,31.139999,31.020000,31.129999,30.151934,460500
2018-08-31,31.080000,31.120001,30.870001,30.959999,29.987274,771600
2018-09-04,30.670000,30.950001,30.660000,30.900000,29.929161,1193000
2018-09-05,30.600000,30.709999,30.500000,30.500000,29.541729,610300
2018-09-06,30.430000,30.480000,30.330000,30.469999,29.512671,541600
2018-09-07,30.620001,30.820000,30.600000,30.670000,29.706387,535200
2018-09-10,30.540001,30.799999,30.540001,30.690001,29.725760,335900
2018-09-11,30.420000,30.530001,30.370001,30.500000,29.541729,321600
2018-09-12,30.750000,30.950001,30.740000,30.840000,29.871046,286600
2018-09-13,31.049999,31.070000,30.889999,30.950001,29.977591,742500
2018-09-14,30.750000,30.790001,30.629999,30.750000,29.783875,344800
2018-09-17,30.730000,30.790001,30.610001,30.680000,29.716074,1319600
2018-09-18,30.459999,30.730000,30.459999,30.670000,29.706387,611000
2018-09-19,30.379999,30.570000,30.340000,30.549999,29.590157,1605800
2018-09-20,30.450001,30.650000,30.440001,30.600000,29.638586,412600
2018-09-21,30.670000,30.760000,30.620001,30.620001,29.657959,522100
2018-09-24,30.250000,30.420000,30.170000,30.170000,29.222097,515200
2018-09-25,30.459999,30.590000,30.450001,30.549999,29.590157,449300
2018-09-26,30.230000,30.660000,30.200001,30.540001,29.580473,622500
2018-09-27,30.309999,30.480000,30.270000,30.309999,29.357697,470200
2018-09-28,30.340000,30.450001,30.160000,30.160000,29.212410,772200
2018-10-01,30.330000,30.450001,30.160000,30.389999,29.435184,1738700
2018-10-02,30.309999,30.510000,30.290001,30.510000,29.551414,627100
2018-10-03,30.860001,30.910000,30.600000,30.629999,29.667643,1543100
2018-10-04,30.760000,30.780001,30.559999,30.629999,29.667643,550200
2018-10-05,30.889999,30.920000,30.670000,30.850000,29.880732,1376800
2018-10-08,30.650000,30.830000,30.620001,30.780001,29.812931,662800
2018-10-09,30.379999,30.780001,30.379999,30.709999,29.745129,545100
2018-10-10,31.020000,31.030001,30.450001,30.510000,29.551414,764900
2018-10-11,30.100000,30.120001,29.549999,29.629999,28.699062,1273300
2018-10-12,29.850000,29.850000,29.410000,29.700001,28.766865,939100
2018-10-15,29.610001,29.809999,29.590000,29.680000,28.747492,743700
2018-10-16,30.120001,30.760000,30.040001,30.730000,29.764502,2561900
2018-10-17,30.110001,30.139999,29.620001,29.799999,28.863720,988000
2018-10-18,29.990000,30.129999,29.750000,29.840000,28.902466,832800
2018-10-19,30.719999,30.850000,30.549999,30.600000,29.638586,924500
2018-10-22,30.600000,30.740000,30.549999,30.709999,29.745129,666100
2018-10-23,30.530001,30.900000,30.430000,30.799999,29.832302,1031600
2018-10-24,30.510000,30.559999,29.240000,29.389999,28.466602,3470900
2018-10-25,28.809999,29.440001,28.740000,29.200001,28.282574,4241200
2018-10-26,29.139999,29.450001,28.920000,29.320000,28.398802,863300
2018-10-29,29.580000,29.629999,28.770000,29.080000,28.166344,983000
2018-10-30,29.500000,29.950001,29.480000,29.900000,28.960579,1259700
2018-10-31,30.309999,30.440001,30.230000,30.360001,29.406128,2266800
2018-11-01,30.740000,30.790001,30.530001,30.600000,29.638586,1772000
2018-11-02,30.270000,30.299999,29.820000,29.820000,28.883093,1738000
2018-11-05,30.510000,30.629999,30.379999,30.480000,29.522356,1357500
2018-11-06,30.260000,30.480000,30.219999,30.480000,29.522356,581000
2018-11-07,30.700001,30.900000,30.660000,30.900000,29.929161,966000
2018-11-08,31.020000,31.110001,30.910000,31.000000,30.026018,1022200
2018-11-09,31.120001,31.330000,31.040001,31.299999,30.316593,934700
2018-11-12,31.080000,31.139999,30.860001,30.900000,29.929161,1202300
2018-11-13,31.080000,31.219999,30.930000,31.100000,30.122877,357100
2018-11-14,31.020000,31.080000,30.730000,30.870001,29.900105,609900
2018-11-15,30.700001,31.040001,30.490000,31.010000,30.035706,1092500
2018-11-16,30.920000,31.459999,30.920000,31.400000,30.413450,930900
2018-11-19,31.100000,31.190001,30.900000,30.980000,30.006647,657000
2018-11-20,31.010000,31.219999,30.950001,30.950001,29.977591,1125800
2018-11-21,31.010000,31.180000,30.940001,31.020000,30.045391,917500
2018-11-23,30.790001,31.200001,30.790001,31.049999,30.074448,305600
2018-11-26,31.270000,31.450001,31.240000,31.440001,30.452196,462600
2018-11-27,31.209999,31.440001,31.080000,31.370001,30.384396,567300
2018-11-28,31.580000,32.000000,31.500000,31.969999,30.965542,1113200
2018-11-29,31.629999,31.920000,31.620001,31.850000,30.849314,1263000
2018-11-30,32.160000,32.500000,32.130001,32.430000,31.411091,2292700
2018-12-03,32.470001,32.580002,32.299999,32.509998,31.488575,1249900
2018-12-04,32.459999,32.540001,31.920000,31.959999,30.955856,987900
2018-12-06,31.309999,31.709999,31.139999,31.670000,30.674969,6218000
2018-12-07,31.690001,31.780001,31.389999,31.500000,30.510309,753900
2018-12-10,31.690001,31.709999,31.160000,31.530001,30.539368,684900
2018-12-11,31.850000,31.850000,31.379999,31.600000,30.607168,519700
2018-12-12,31.980000,32.400002,31.980000,32.259998,31.246429,4203500
2018-12-13,32.020000,32.160000,31.809999,31.900000,30.897741,1924800
2018-12-14,31.270000,31.430000,31.059999,31.090000,30.113192,5096200
2018-12-17,31.139999,31.309999,30.860001,31.049999,30.074448,744200
2018-12-18,31.230000,31.260000,30.770000,30.930000,29.958220,1345800
2018-12-19,30.639999,30.770000,30.120001,30.240000,29.289898,1625400
2018-12-20,30.950001,30.969999,30.370001,30.620001,29.657959,2108100
2018-12-21,30.730000,30.730000,30.200001,30.200001,29.251154,1548100
2018-12-24,30.000000,30.469999,29.900000,29.959999,29.018694,602400
2018-12-26,30.240000,30.650000,29.830000,30.650000,29.687016,869100
2018-12-27,29.900000,30.170000,29.450001,30.070000,29.125238,972300
2018-12-28,30.910000,31.040001,30.670000,30.840000,29.871046,1134900
2018-12-31,30.910000,31.170000,30.650000,31.080000,30.103506,643300
2019-01-02,30.250000,30.870001,30.250000,30.790001,29.822618,968800
2019-01-03,31.360001,31.600000,31.350000,31.480000,30.490938,724500
2019-01-04,31.459999,31.910000,31.459999,31.799999,30.800884,952400
2019-01-07,31.600000,31.719999,31.389999,31.520000,30.529682,641300
2019-01-08,32.130001,32.389999,32.020000,32.349998,31.333603,1847200
2019-01-09,32.290001,32.570000,32.250000,32.380001,31.362661,3936300
2019-01-10,32.570000,32.709999,32.430000,32.599998,31.575748,1819300
2019-01-11,32.570000,32.669998,32.310001,32.410000,31.391718,1340900
2019-01-14,32.349998,32.400002,32.220001,32.330002,31.314234,2615100
2019-01-15,32.459999,32.720001,32.450001,32.490002,31.469206,3727300
2019-01-16,32.439999,32.520000,32.360001,32.439999,31.420774,1001000
2019-01-17,32.240002,32.540001,32.240002,32.419998,31.401403,471500
2019-01-18,32.380001,32.630001,32.279999,32.610001,31.585436,762000
2019-01-22,32.169998,32.400002,32.130001,32.209999,31.198002,1252400
2019-01-23,32.570000,32.610001,32.369999,32.480000,31.459518,1529300
2019-01-24,32.270000,32.290001,31.950001,32.070000,31.062401,748200
2019-01-25,32.290001,32.290001,32.020000,32.060001,31.052717,2583200
2019-01-28,32.180000,32.279999,32.000000,32.130001,31.120518,1049900
2019-01-29,32.299999,32.419998,32.189999,32.270000,31.256117,3023600
2019-01-30,32.240002,32.360001,32.049999,32.279999,31.265802,1005300
2019-01-31,33.009998,33.310001,32.889999,33.299999,32.253754,1374100
2019-02-01,32.860001,33.150002,32.840000,33.009998,31.972866,3422000
2019-02-04,33.259998,33.419998,33.119999,33.410000,32.360298,1679500
2019-02-05,33.389999,33.630001,33.369999,33.480000,32.428101,644700
2019-02-06,33.630001,33.639999,33.360001,33.459999,32.408730,1323700
2019-02-07,33.410000,33.430000,33.139999,33.209999,32.166584,777000
2019-02-08,33.320000,33.759998,33.299999,33.759998,32.699303,5907400
2019-02-11,33.650002,33.720001,33.529999,33.650002,32.592762,1720300
2019-02-12,33.770000,33.930000,33.669998,33.869999,32.805847,517500
2019-02-13,33.549999,33.750000,33.549999,33.590000,32.534645,988200
2019-02-14,33.529999,33.880001,33.529999,33.750000,32.689617,711900
2019-02-15,33.830002,34.020000,33.750000,34.020000,32.951134,677900
2019-02-19,34.240002,34.400002,34.209999,34.349998,33.270763,706200
2019-02-20,34.509998,34.700001,34.500000,34.619999,33.532284,672000
2019-02-21,34.810001,34.849998,34.500000,34.560001,33.474171,521900
2019-02-22,34.560001,34.750000,34.560001,34.730000,33.638828,649100
2019-02-25,34.650002,34.669998,34.500000,34.599998,33.512909,1632600
2019-02-26,34.779999,34.910000,34.730000,34.810001,33.716316,998700
2019-02-27,34.720001,34.910000,34.720001,34.799999,33.706627,2156600
2019-02-28,34.669998,34.980000,34.650002,34.650002,33.561340,1211900
2019-03-01,34.770000,34.830002,34.639999,34.799999,33.706627,1198500
2019-03-04,34.779999,34.860001,34.529999,34.790001,33.696941,1840100
2019-03-05,34.639999,34.880001,34.619999,34.840000,33.745373,605900
2019-03-06,34.880001,34.910000,34.630001,34.820000,33.725998,318500
2019-03-07,33.730000,33.810001,33.450001,33.500000,33.500000,880400
2019-03-08,33.380001,33.650002,33.099998,33.619999,33.619999,563100
2019-03-11,33.500000,33.630001,33.459999,33.610001,33.610001,488600
2019-03-12,33.529999,33.599998,33.459999,33.549999,33.549999,506800
2019-03-13,33.650002,33.759998,33.610001,33.740002,33.740002,480300
2019-03-14,33.750000,34.270000,33.750000,34.209999,34.209999,920300
2019-03-15,33.950001,34.029999,33.820000,33.930000,33.930000,548800
2019-03-18,33.810001,33.900002,33.720001,33.860001,33.860001,367700
2019-03-19,33.860001,33.860001,33.660000,33.700001,33.700001,1529400
2019-03-20,33.720001,34.209999,33.630001,34.090000,34.090000,901900
2019-03-21,33.740002,34.119999,33.720001,34.119999,34.119999,683000
2019-03-22,33.810001,33.939999,33.669998,33.759998,33.759998,870500
2019-03-25,33.869999,33.930000,33.740002,33.830002,33.830002,399600
2019-03-26,34.299999,34.349998,34.209999,34.279999,34.279999,730100
2019-03-27,34.200001,34.310001,33.980000,34.200001,34.200001,746800
2019-03-28,34.209999,34.299999,33.959999,34.099998,34.099998,1125200
2019-03-29,34.130001,34.410000,34.020000,34.389999,34.389999,2629200
2019-04-01,34.560001,34.570000,34.360001,34.459999,34.459999,700200
2019-04-02,34.369999,34.570000,34.330002,34.560001,34.560001,723100
2019-04-03,34.150002,34.430000,34.150002,34.380001,34.380001,717700
2019-04-04,34.209999,34.310001,34.150002,34.279999,34.279999,543700
2019-04-05,34.160000,34.320000,34.130001,34.220001,34.220001,722700
2019-04-08,34.450001,34.480000,34.230000,34.320000,34.320000,423000
2019-04-09,34.299999,34.349998,34.180000,34.180000,34.180000,431100
2019-04-10,34.230000,34.389999,34.160000,34.220001,34.220001,325800
2019-04-11,34.070000,34.099998,33.799999,33.919998,33.919998,629400
2019-04-12,32.950001,33.310001,32.919998,33.090000,33.090000,728700
2019-04-15,33.369999,33.540001,33.290001,33.540001,33.540001,745500
2019-04-16,33.610001,33.660000,33.000000,33.060001,33.060001,1261500
2019-04-17,33.349998,33.349998,32.650002,32.720001,32.720001,903400
2019-04-18,32.770000,32.860001,32.480000,32.689999,32.689999,1265200
2019-04-22,32.750000,32.910000,32.459999,32.480000,32.480000,835300
2019-04-23,32.590000,32.939999,32.549999,32.889999,32.889999,4401400
2019-04-24,32.700001,32.790001,32.680000,32.770000,32.770000,1412800
2019-04-25,32.230000,32.520000,32.180000,32.450001,32.450001,1082400
2019-04-26,32.509998,32.709999,32.480000,32.660000,32.660000,547400
2019-04-29,32.549999,32.689999,32.520000,32.650002,32.650002,554700
2019-04-30,32.779999,33.070000,32.740002,33.060001,33.060001,1244100
2019-05-01,33.060001,33.250000,32.830002,33.049999,33.049999,730600
2019-05-02,32.860001,32.959999,32.770000,32.910000,32.910000,586800
2019-05-03,33.209999,33.270000,33.040001,33.230000,33.230000,1415600
2019-05-06,32.730000,33.169998,32.720001,33.009998,33.009998,575600
2019-05-07,32.840000,32.840000,32.450001,32.480000,32.480000,605600
2019-05-08,32.680000,32.750000,32.580002,32.599998,32.599998,818600
2019-05-09,32.299999,32.340000,32.020000,32.130001,32.130001,738700
2019-05-10,32.150002,32.160000,31.820000,32.060001,32.060001,703100
2019-05-13,31.930000,32.099998,31.809999,31.990000,31.990000,763200
2019-05-14,31.950001,32.080002,31.860001,32.029999,32.029999,718000
2019-05-15,31.879999,32.180000,31.830000,32.040001,32.040001,984700
2019-05-16,32.560001,32.869999,32.549999,32.610001,32.610001,2301600
2019-05-17,32.740002,32.990002,32.700001,32.840000,32.840000,1207800
2019-05-20,32.810001,33.110001,32.730000,33.110001,33.110001,1015600
2019-05-21,32.790001,33.080002,32.709999,33.049999,33.049999,1950800
2019-05-22,32.980000,33.619999,32.970001,33.509998,33.509998,1767000
2019-05-23,33.459999,33.779999,33.410000,33.750000,33.750000,1991800
2019-05-24,34.009998,34.080002,33.849998,34.000000,34.000000,625400
2019-05-28,33.500000,33.570000,33.189999,33.240002,33.240002,810000
2019-05-29,32.840000,33.150002,32.700001,33.060001,33.060001,1409700
2019-05-30,32.750000,33.169998,32.750000,33.049999,33.049999,947200
2019-05-31,32.820000,32.939999,32.669998,32.880001,32.880001,883400
2019-06-03,33.040001,33.320000,32.950001,33.209999,33.209999,1337700
2019-06-04,33.290001,33.310001,33.000000,33.180000,33.180000,761200
2019-06-05,33.480000,33.540001,32.279999,33.270000,33.270000,869000
2019-06-06,33.680000,33.939999,33.669998,33.799999,33.799999,587400
2019-06-07,34.000000,34.290001,33.980000,34.240002,34.240002,1162800
2019-06-10,34.009998,34.349998,33.959999,34.220001,34.220001,1189400
2019-06-11,34.570000,34.599998,34.080002,34.099998,34.099998,3386400
2019-06-12,34.480000,34.830002,34.480000,34.639999,34.639999,1933400
2019-06-13,34.849998,34.869999,34.630001,34.720001,34.720001,1829900
2019-06-14,34.580002,34.720001,34.509998,34.549999,34.549999,357700
2019-06-17,34.389999,34.520000,34.369999,34.439999,34.439999,369500
2019-06-18,34.849998,34.950001,34.720001,34.840000,34.840000,644900
2019-06-19,34.820000,35.250000,34.810001,35.230000,35.230000,1175600
2019-06-20,35.880001,35.900002,35.650002,35.759998,35.759998,1041200
2019-06-21,35.439999,35.630001,35.320000,35.599998,35.599998,691500
2019-06-24,35.320000,35.599998,35.270000,35.389999,35.389999,707300
2019-06-25,35.480000,35.570000,35.169998,35.189999,35.189999,2977200
2019-06-26,35.160000,35.209999,34.970001,34.970001,34.970001,2232200
2019-06-27,34.900002,35.090000,34.869999,34.950001,34.950001,1616800
2019-06-28,35.000000,35.150002,34.869999,35.099998,35.099998,4124900
2019-07-01,35.450001,35.500000,35.250000,35.340000,35.340000,719100
2019-07-02,35.400002,35.529999,35.320000,35.529999,35.529999,508900
2019-07-03,35.639999,35.689999,35.500000,35.619999,35.619999,384700
2019-07-05,35.290001,35.320000,35.009998,35.020000,35.020000,652500
2019-07-08,34.669998,34.790001,34.570000,34.700001,34.700001,407700
2019-07-09,34.509998,34.799999,34.509998,34.700001,34.700001,1487600
2019-07-10,34.930000,35.040001,34.680000,34.740002,34.740002,306700
2019-07-11,34.709999,34.720001,34.049999,34.150002,34.150002,1150400
2019-07-12,33.419998,33.549999,33.139999,33.340000,33.340000,1568500
2019-07-15,33.430000,33.639999,33.410000,33.549999,33.549999,1211300
2019-07-16,33.790001,33.810001,33.540001,33.660000,33.660000,423700
2019-07-17,34.070000,34.220001,34.000000,34.169998,34.169998,1074700
2019-07-18,34.430000,34.529999,34.240002,34.470001,34.470001,705900
2019-07-19,33.570000,33.830002,33.490002,33.639999,33.639999,1335600
2019-07-22,33.680000,33.820000,33.630001,33.689999,33.689999,912200
2019-07-23,33.610001,33.950001,33.529999,33.930000,33.930000,989600
2019-07-24,33.590000,33.919998,33.480000,33.919998,33.919998,1954600
2019-07-25,33.910000,33.930000,33.150002,33.270000,33.270000,1705400
2019-07-26,33.889999,34.000000,33.799999,33.860001,33.860001,1166400
2019-07-29,33.939999,33.990002,33.740002,33.900002,33.900002,385200
2019-07-30,33.459999,33.619999,33.330002,33.480000,33.480000,869800
2019-07-31,33.380001,33.900002,33.299999,33.549999,33.549999,625200
2019-08-01,33.299999,33.939999,33.299999,33.740002,33.740002,491000
2019-08-02,34.110001,34.139999,33.849998,34.049999,34.049999,483500
2019-08-05,33.919998,33.959999,33.419998,33.689999,33.689999,1751300
2019-08-06,33.810001,33.900002,33.570000,33.889999,33.889999,926100
2019-08-07,33.779999,34.060001,33.700001,33.880001,33.880001,923400
2019-08-08,34.320000,34.730000,34.310001,34.599998,34.599998,390700
2019-08-09,35.230000,35.250000,34.889999,34.910000,34.910000,863000
2019-08-12,35.060001,35.209999,34.830002,34.889999,34.889999,445700
2019-08-13,35.090000,35.330002,35.020000,35.230000,35.230000,1177900
2019-08-14,34.849998,34.919998,34.480000,34.480000,34.480000,2477900
2019-08-15,34.439999,34.599998,34.349998,34.560001,34.560001,860000
2019-08-16,34.740002,34.849998,34.660000,34.700001,34.700001,1653200
2019-08-19,35.070000,35.119999,34.900002,34.939999,34.939999,567900
2019-08-20,34.950001,34.959999,34.660000,34.709999,34.709999,1361100
2019-08-21,34.919998,34.950001,34.720001,34.779999,34.779999,573300
2019-08-22,34.549999,34.669998,34.419998,34.560001,34.560001,324400
2019-08-23,34.730000,34.950001,34.389999,34.410000,34.410000,417700
2019-08-26,34.560001,34.610001,34.430000,34.470001,34.470001,276100
2019-08-27,34.590000,34.680000,34.459999,34.459999,34.459999,365800
2019-08-28,34.310001,34.500000,34.189999,34.310001,34.310001,294100
2019-08-29,34.389999,34.439999,34.240002,34.240002,34.240002,251200
2019-08-30,34.200001,34.270000,34.000000,34.180000,34.180000,2282100
2019-09-03,34.139999,34.360001,34.139999,34.330002,34.330002,808000
2019-09-04,34.590000,34.660000,34.490002,34.590000,34.590000,1002700
2019-09-05,34.490002,34.529999,34.230000,34.270000,34.270000,719400
2019-09-06,34.500000,34.750000,34.490002,34.580002,34.580002,487500
2019-09-09,34.349998,34.419998,34.110001,34.310001,34.310001,667100
2019-09-10,33.880001,34.349998,33.759998,34.299999,34.299999,939100
2019-09-11,34.000000,34.150002,33.919998,33.930000,33.930000,900900
2019-09-12,34.060001,34.160000,33.910000,33.910000,33.910000,227200
2019-09-13,34.470001,34.660000,34.439999,34.490002,34.490002,781200
2019-09-16,34.520000,34.580002,34.349998,34.439999,34.439999,622000
2019-09-17,34.910000,35.230000,34.860001,35.180000,35.180000,502100
2019-09-18,35.279999,35.419998,35.200001,35.290001,35.290001,593900
2019-09-19,35.540001,35.779999,35.540001,35.639999,35.639999,592700
2019-09-20,35.820000,35.950001,35.700001,35.709999,35.709999,845100
2019-09-23,35.580002,35.799999,35.560001,35.720001,35.720001,475500
2019-09-24,35.830002,35.939999,35.650002,35.650002,35.650002,361100
2019-09-25,35.639999,35.700001,35.520000,35.570000,35.570000,806900
2019-09-26,35.990002,36.270000,35.900002,36.240002,36.240002,2981800
2019-09-27,36.279999,36.470001,36.230000,36.459999,36.459999,6152500
2019-09-30,36.310001,36.560001,36.310001,36.450001,36.450001,8343500
2019-10-01,36.169998,36.259998,36.049999,36.209999,36.209999,1390100
2019-10-02,35.389999,35.470001,35.220001,35.349998,35.349998,7457400
2019-10-03,35.200001,35.419998,35.119999,35.349998,35.349998,1599500
2019-10-04,35.939999,36.220001,35.910000,36.169998,36.169998,2849200
2019-10-07,36.330002,36.430000,36.299999,36.369999,36.369999,2795900
2019-10-08,36.049999,36.119999,35.750000,35.970001,35.970001,3867400
2019-10-09,35.980000,36.160000,35.910000,36.110001,36.110001,3617100
2019-10-10,35.970001,36.150002,35.950001,35.990002,35.990002,2194000
2019-10-11,36.180000,36.340000,36.150002,36.330002,36.330002,60600
2019-10-14,35.939999,36.200001,35.869999,36.020000,36.020000,569500
2019-10-15,36.230000,36.459999,36.180000,36.209999,36.209999,1090800
2019-10-16,35.880001,35.910000,35.500000,35.740002,35.740002,1547100
2019-10-17,36.320000,36.580002,36.189999,36.560001,36.560001,1664700
2019-10-18,36.730000,36.849998,36.619999,36.810001,36.810001,450300
2019-10-21,36.720001,36.860001,36.669998,36.730000,36.730000,583900
2019-10-22,36.450001,36.700001,36.220001,36.259998,36.259998,765400
2019-10-23,36.509998,36.570000,36.389999,36.480000,36.480000,918300
2019-10-24,36.560001,36.750000,36.549999,36.700001,36.700001,342300
2019-10-25,36.840000,37.060001,36.820000,37.000000,37.000000,517000
2019-10-28,36.990002,37.180000,36.950001,37.020000,37.020000,1484400
2019-10-29,36.990002,37.099998,36.910000,36.950001,36.950001,584900
2019-10-30,37.270000,37.540001,37.209999,37.500000,37.500000,597800
2019-10-31,37.500000,37.669998,37.470001,37.619999,37.619999,610700
2019-11-01,37.570000,37.790001,37.439999,37.700001,37.700001,283200
2019-11-04,37.680000,37.790001,37.570000,37.590000,37.590000,2021100
2019-11-05,37.259998,37.299999,36.970001,37.000000,37.000000,1108700
2019-11-06,37.090000,37.310001,37.000000,37.110001,37.110001,2600100
2019-11-07,37.200001,37.230000,37.119999,37.160000,37.160000,759000
2019-11-08,37.189999,37.400002,37.180000,37.389999,37.389999,602500
2019-11-11,37.380001,37.560001,37.360001,37.560001,37.560001,410300
2019-11-12,37.340000,37.549999,37.340000,37.490002,37.490002,461900
2019-11-13,37.630001,37.650002,37.520000,37.599998,37.599998,426300
2019-11-14,37.270000,37.340000,37.130001,37.340000,37.340000,358800
2019-11-15,37.270000,37.580002,37.270000,37.529999,37.529999,2906000
2019-11-18,37.779999,38.080002,37.770000,38.029999,38.029999,1242900
2019-11-19,38.189999,38.320000,38.110001,38.299999,38.299999,1533000
2019-11-20,38.130001,38.279999,38.029999,38.169998,38.169998,1351000
2019-11-21,37.939999,38.299999,37.919998,38.230000,38.230000,1167100
2019-11-22,38.119999,38.180000,37.939999,38.070000,38.070000,884000
2019-11-25,38.110001,38.509998,38.110001,38.480000,38.480000,1137700
2019-11-26,38.720001,38.869999,38.680000,38.779999,38.779999,1184600
2019-11-27,38.540001,38.650002,38.380001,38.549999,38.549999,3329700
2019-11-29,38.470001,38.630001,38.470001,38.570000,38.570000,314200
2019-12-02,38.490002,38.509998,38.189999,38.419998,38.419998,653500
2019-12-03,37.980000,38.189999,37.869999,38.189999,38.189999,714100
2019-12-04,38.259998,38.549999,38.259998,38.520000,38.520000,339100
2019-12-05,38.509998,38.639999,38.389999,38.430000,38.430000,2388200
2019-12-06,38.590000,38.619999,38.360001,38.570000,38.570000,1453800
2019-12-09,38.389999,38.549999,38.369999,38.400002,38.400002,1986000
